id	hash	time	median_time	size	stripped_size	weight	version	version_hex	version_bits	merkle_root	nonce	bits	difficulty	chainwork	coinbase_data_hex	transaction_count	witness_count	input_count	output_count	input_total	input_total_usd	output_total	output_total_usd	fee_total	fee_total_usd	fee_per_kb	fee_per_kb_usd	fee_per_kwu	fee_per_kwu_usd	cdd_total	generation	generation_usd	reward	reward_usd	guessed_miner
619759	00000000000000000007b88430af2172b0dfc221a021c7bd3272541f3264593f	2020-03-02 00:00:29	2020-03-01 23:05:44	1333727	888329	3998714	541065216	20400000	100000010000000000000000000000	bcd82ada77b154d6427683705b7e92198b4a2003e878116fef8c253044905bbd	2127124136	387067068	15486913440293	00000000000000000000000000000000000000000d321d03c0981801819a4eb0	03ef74092cfabe6d6d2d98948b878a0890c0872c69619b711de9aada0cc35811642bec83fbbfc6c28010000000f09f909f00164d696e6564206279207975657975656e69616f343236000000000000000000000000000000000000000000050058740400	3053	1901	5905	7485	671664080342	57462412	672914080342	57569352	10587304	905.7682	7940.87	0.6794	2648.82	0.2266	12700.824927195	1250000000	106940.3828	1260587304	107846.1484	F2Pool
619760	0000000000000000000fd6b583c0484930b272da7eda3716c230468fb998fcc0	2020-03-02 00:08:32	2020-03-01 23:12:34	736916	519358	2294990	536870912	20000000	100000000000000000000000000000	5aca01cf87ec75537eb519fedeb1f3f33f94d288b918b4809f37f577ab3e7f66	2109762568	387067068	15486913440293	00000000000000000000000000000000000000000d322b19a2a76435ad4789b9	03f0740904834e5c5e2f706f6f6c696e2e636f6d2ffabe6d6d707532c2246677bed1496b3b50e14117e1a9c80ea0a7a3e309473866cad964ef0100000000000000c30e811a017198e25aff224114066af4109dc2a01900cc7f160000000000	1805	1201	3332	4267	335590317156	28710526	336840317156	28817466	5841295	499.7362	7930.88	0.6785	2546.85	0.2179	5452.7356636365	1250000000	106940.3828	1255841295	107440.1172	Poolin
619761	0000000000000000000adb77c6559867ceb93d2e9b42e184ed5d5ea6f295fdf9	2020-03-02 00:23:06	2020-03-01 23:25:33	1055520	684381	3108663	541065216	20400000	100000010000000000000000000000	d96c85e734e4ab48866d37a6e5057313b098bee6eab53d3f0114c5f94554e0e4	696595545	387067068	15486913440293	00000000000000000000000000000000000000000d32392f84b6b069d8f4c4c2	03f174092cfabe6d6d2bfb556ed9c00ca6a8313034ba68957715dad107292f0af86932ff7927b4bd8110000000f09f909f00134d696e6564206279206d796368656e7938383800000000000000000000000000000000000000000000000005008f9e0100	2673	1759	4405	6343	393006477028	33622608	394256477028	33729552	10249665	876.8824	9714.77	0.8311	3298.97	0.2822	8224.0819108797	1250000000	106940.3828	1260249665	107817.2656	F2Pool
619762	00000000000000000008036ac620441f37c0421b571c77af232a5b46859b27af	2020-03-02 00:29:30	2020-03-01 23:36:56	480755	333444	1481087	536870912	20000000	100000000000000000000000000000	a16861e989a5903583dc05cc61cc0114b443bad155c84ac7064905e5ed7e199c	1416714039	387067068	15486913440293	00000000000000000000000000000000000000000d32474566c5fc9e04a1ffcb	03f274092f7461616c2e636f6d2f4d486a567a6e67451c11fe397f988a2834b3	1352	919	2092	3072	295252409974	25259524	296502409974	25366464	3417318	292.3594	7112.42	0.6084	2308.9	0.1975	55745.153482842	1250000000	106940.3828	1253417318	107232.7422	Unknown
619763	000000000000000000046121a4105eee524608f02e4574175b87a4e58255920f	2020-03-02 00:51:24	2020-03-01 23:43:38	1383637	869939	3993454	1073733632	3fffe000	111111111111111110000000000000	8388d5703cce1da9eaf0b50818637b51989d132b2911705e2ba223fd1a332911	449245362	387067068	15486913440293	00000000000000000000000000000000000000000d32555b48d548d2304f3ad4	03f37409048c585c5e652f4254432e434f4d2ffabe6d6dafb81b2a6cf4e20e1c381c32a931f0b919031e3f92d5fa916a920a827a97999308000000ceeed33d2d3f688e7395000000000000	3443	2239	6014	7728	733749429574	62773956	734999429574	62880896	11785585	1008.2839	8520.43	0.7289	2952.39	0.2526	25073.94736222	1250000000	106940.3828	1261785585	107948.6641	BTC.com
619764	0000000000000000000bd297d3afe0cc71263ce920a694ec1ab21b8feb7e73b4	2020-03-02 00:59:14	2020-03-02 00:00:29	746814	528840	2333334	549453824	20c00000	100000110000000000000000000000	807348ab57e0774a488036f3f69dfa0a4a2ce9b48e12453c9b6db8abca7ccd44	1204064800	387067068	15486913440293	00000000000000000000000000000000000000000d3263712ae495065bfc75dd	03f474091b4d696e656420627920416e74506f6f6c3438fd00650220ab69df15fabe6d6d9f6af7fb16b3debab0018aeb386cc2cc32cd7175e5ed6602570ee4162d332a680400000000000000613310001bf90000	1643	1167	3488	4078	253226777424	21664134	254476777424	21771074	5451552	466.3929	7303.48	0.6248	2337.8	0.2	1476.2823927559	1250000000	106940.3828	1255451552	107406.7734	AntPool
619765	000000000000000000016914941376ede1b2f91bc842ac32e294fa1f33c6a10c	2020-03-02 01:24:21	2020-03-02 00:08:32	1348156	881637	3993067	536870912	20000000	100000000000000000000000000000	ee134f33b218da36fb35ee026f58e11c0f4c1d528e2f5ad6c62fa7bd17dc9071	1694837018	387067068	15486913440293	00000000000000000000000000000000000000000d3271870cf3e13a87a9b0e6	03f574091d2f5669614254432f4d696e656420627920666163696c6974793936332f2cfabe6d6d98eec05ac98478b8f74c0334e50edad774fba2beed904876d80397c8fbbca9c2100000000000000010e9c1d0070a9056572f8bf5fa9f990000	3146	1760	5525	8754	1285938782454	110015024	1287188782454	110121968	14850863	1270.5255	11018.9	0.9427	3720.55	0.3183	19769.682384273	1250000000	106940.3828	1264850863	108210.9062	ViaBTC
619766	0000000000000000000dc9091c7cb9ee7319866f065db975dca456629ecfa6b1	2020-03-02 01:25:31	2020-03-02 00:23:06	482724	313721	1423887	536870912	20000000	100000000000000000000000000000	e8886f308b392e975939369d3b169aa1e29420d621195950f4ddca3c5cd56eb5	3938369980	387067068	15486913440293	00000000000000000000000000000000000000000d327f9cef032d6eb356ebef	03f674091b4d696e656420627920416e74506f6f6c393220008d0020b4d06593fabe6d6d983019131ec36fc292a5c0b23efff311532020f8012a39034e0bf1c0ae947bfb040000000000000000b20000585c0000	1316	1126	1924	3572	199960449796	17107078	201210449796	17214018	1159110	99.1645	2403.09	0.2056	814.859	0.0697	2204.5641899486	1250000000	106940.3828	1251159110	107039.5469	AntPool
619767	00000000000000000000caf84a09a72516c6bd9098d958c39672a80081190521	2020-03-02 01:26:41	2020-03-02 00:29:30	173455	134008	575479	671080448	27ffe000	100111111111111110000000000000	b9d05c10f9f1defa4fce25a2fc5135d9055e72dc1c1da81451f2ca2c891b38fd	1812564090	387067068	15486913440293	00000000000000000000000000000000000000000d328db2d11279a2df0426f8	03f7740904d2605c5e7669702f7777772e6f6b65782e636f6d2ffabe6d6d69908df19308d8caf92484846dae1de0532dac4cb60d5306b3a078d9b2a25b3f020000004204cb9a2468e80191440a0000000000	358	239	632	1803	101702949894	8700922	102952949894	8807862	2043991	174.8681	11809.7	1.0104	3560.49	0.3046	292.71790093413	1250000000	106940.3828	1252043991	107115.25	OKEX
619768	0000000000000000000ee6cee455979f1ecbb90dfcb6e7ad7e3bebd0a51b2ace	2020-03-02 01:49:07	2020-03-02 00:51:24	1367123	875403	3993332	536879104	20002000	100000000000000010000000000000	b7fc0a18573af22904da9327d4936c06f265fc43d9d6c383b99716b07c35eee9	2072248680	387067068	15486913440293	00000000000000000000000000000000000000000d329bc8b321c5d70ab16201	03f874090414665c5e434e2f54545454545433333333fabe6d6db6f2205478b1f5336c81173effefb930515c68e94b0e5d3939cfba1c3c3928f1020000004204cb9a8522de3311fd535e7c2e9200	3548	2239	6097	7944	749757948355	64143520	751007948355	64250460	16035073	1371.8374	11732.3	1.0037	4016.86	0.3437	5222.486249566	1250000000	106940.3828	1266035073	108312.2188	Unknown
619769	00000000000000000009290f480ced2be48d51b8ac9de02f8df1e9d9fec82335	2020-03-02 01:57:57	2020-03-02 00:59:14	1311416	893859	3992993	536870912	20000000	100000000000000000000000000000	6391d87aa9edae2a1c4be42b5f6f4124dce5d94b81b54601855855c91a8cd163	608375130	387067068	15486913440293	00000000000000000000000000000000000000000d32a9de9531120b365e9d0a	03f9740900040b685c5e04ab47cb100876ea565ea9560303092f426974667572792f	2651	1889	5014	10566	837840740925	71679208	839090740925	71786144	8909722	762.2473	6795.44	0.5813	2231.91	0.191	4784.7076425234	1250000000	106940.3828	1258909722	107702.625	BitFury
619770	000000000000000000077804a223f98209e74f6bdedee92805147ec2cb1d2289	2020-03-02 02:02:56	2020-03-02 01:24:21	1129752	790965	3502647	536870912	20000000	100000000000000000000000000000	721826f6c8f051a97bc57ad7385f630c28068d872cba30dbb63b18e725bab604	660517682	387067068	15486913440293	00000000000000000000000000000000000000000d32b7f477405e3f620bd813	03fa740941d7971a54ea2f0a41d7971a541a09552f315448617368263538434f494e2ffabe6d6db6434ffc30d7da6d1da8c598bc3763c5bd253b466ec78df0ccaa02410aa717348000000000000000be00e9b3b74f030000000000	2483	2039	4945	7352	565704976207	48397364	566954976207	48504304	6073822	519.6295	5378.1	0.4601	1734.78	0.1484	8364.2219741943	1250000000	106940.3828	1256073822	107460.0078	1THash&58COIN
619771	00000000000000000003f17e623aa1fbe4213977d72d60739c0a86f83de8157b	2020-03-02 02:03:23	2020-03-02 01:25:31	22324	15566	69022	1073733632	3fffe000	111111111111111110000000000000	2cc7691230f27223710dd5e4c3f400b0aaf20cfcb7ae246ca1449ced7ce6d0e1	2301938892	387067068	15486913440293	00000000000000000000000000000000000000000d32c60a594faa738db9131c	03fb74090473695c5e686b30352f62797465706f6f6c2e636f6d2ffabe6d6d764bac080541321d5981268af373845d3ea0040f7bc34f318c5d58d32e02a227020000004204cb9a88132fd5f6aaf65d06ef0200	71	48	92	163	5331876992	456154.375	6581876992	563094.75	187316	16.0253	8534.92	0.7302	2770.05	0.237	22.559844757251	1250000000	106940.3828	1250187316	106956.4062	bytepool.com
619772	00000000000000000004cf71586cffb459d7a1f3160a864b2d3b73865e5b2567	2020-03-02 02:13:04	2020-03-02 01:26:41	987272	614628	2831156	536879104	20002000	100000000000000010000000000000	9afc07ae5def955c160afffda24734f069184bca933ee9a4f21b787a59d4c048	685931965	387067068	15486913440293	00000000000000000000000000000000000000000d32d4203b5ef6a7b9664e25	03fc740904b46b5c5e686b30352f62797465706f6f6c2e636f6d2ffabe6d6d7da43f9e0691380f1a9e08aec65d81d8e7302a2373e502219a6bbedbb63e1131020000004204cb9a88e1d857a42cb35dacc33d00	2175	1456	4282	4802	302607385055	25888760	303857385055	25995700	7402268	633.2811	7500.58	0.6417	2615.88	0.2238	23094.604732065	1250000000	106940.3828	1257402268	107573.6641	bytepool.com
619773	00000000000000000003a2c1c984489d628cfc3d8e98092410f8cff549e0931c	2020-03-02 02:19:00	2020-03-02 01:49:07	511751	359324	1589723	549453824	20c00000	100000110000000000000000000000	097a5248f254d49de5af58522eab91811a72534a2a952a9b60ca09f784a8e0be	1521524670	387067068	15486913440293	00000000000000000000000000000000000000000d32e2361d6e42dbe513892e	03fd740941d7971b45e0fc9541d7971b45059acb706f6f6c2e626974636f696e2e636f6d3d122b0012b1000000000000	1226	827	2328	2695	161456597408	13812984	162706597408	13919924	6157762	526.8107	12039.8	1.03	3876.13	0.3316	13004.908624262	1250000000	106940.3828	1256157762	107467.1953	Bitcoin.com
619774	0000000000000000000d99c7d4f7e0f50178bc93bdf0de561eadd9203167e266	2020-03-02 02:50:08	2020-03-02 01:57:57	1277993	905095	3993278	549453824	20c00000	100000110000000000000000000000	97e26adcc47c7bf9cacced56fe8a599fc215f4f0fda16743794ce95ebf1fb909	812882114	387067068	15486913440293	00000000000000000000000000000000000000000d32f04bff7d8f1010c0c437	03fe74090461745c5e535a30322f4254432e434f4d2ffabe6d6dd08937aaa118437a40a03f717f8779714a1bbbb19c66ad1d54a455ba51a544a4080000007296cd10804a04e7ab14010000000000	3139	2085	5392	9577	1202920569277	102912624	1204170569277	103019568	22023582	1884.1682	17238.7	1.4748	5517.36	0.472	24573.029714688	1250000000	106940.3828	1272023582	108824.5469	BTC.com
619775	00000000000000000008133a514091b70d468778599db0511681babbb7cf4964	2020-03-02 03:06:33	2020-03-02 02:02:56	1263343	909894	3993025	543162368	20600000	100000011000000000000000000000	e15c38330213d1af3fc4b34e0ac19fc0ba9333db34200e7ec27b4dfcef662ecc	2806113136	387067068	15486913440293	00000000000000000000000000000000000000000d32fe61e18cdb443c6dff40	03ff74091b4d696e656420627920416e74506f6f6c3534ab00290120d8f291d3fabe6d6d4c8e11353add017fb00d5229cbfb36bbd8d702f59e2e566d2636933edbc54cc40400000000000000a576000066010300	2683	1304	5489	6236	526412901746	45035836	527662901746	45142776	11540685	987.3322	9137.8	0.7818	2891.24	0.2473	6685.9891841983	1250000000	106940.3828	1261540685	107927.7109	AntPool
619776	0000000000000000000ebc426c1ae13c7a257d5ba41135722cb870dae7f54034	2020-03-02 03:35:43	2020-03-02 02:03:23	1268032	908356	3993100	536870912	20000000	100000000000000000000000000000	c34ed2b28e96ff09fd7e99505198c3e9564f5fb5e714309bb1fcd66ece7f5e92	177194821	387067068	15486913440293	00000000000000000000000000000000000000000d330c77c39c2778681b3a49	0300750904107f5c5e636430312f62797465706f6f6c2e636f6d2ffabe6d6dc65f089fef393140df325cd8443970c55a3022414f0d0c5b22b3832d6c52061e020000001e34c5f02827448233fc000000000000	3109	1734	5708	7174	2082733090917	178182608	2083983090917	178289552	20084128	1718.2434	15843.6	1.3555	5031.48	0.4304	268668.87710859	1250000000	106940.3828	1270084128	108658.625	bytepool.com
619777	0000000000000000001194c53b30107b959a3c7c092f6a17f9331492abfb43b2	2020-03-02 03:38:55	2020-03-02 02:13:04	1343393	883415	3993638	536870912	20000000	100000000000000000000000000000	7f47043941260815a2f958be02402dbe8173a719baf7ee4ea5c8dddfdc854f42	162617100	387067068	15486913440293	00000000000000000000000000000000000000000d331a8da5ab73ac93c87552	0301750904bb7f5c5e2f706f6f6c696e2e636f6d2ffabe6d6d753070812bdc18bcf11e58b32b0a72cc07e891ef31710a6409ae70d6d6b0b7b6010000000000000051bf2ad74af345dbe642154b2658931611d65a2e480084700000ffffffff	2203	1407	5272	6873	310437112594	26558610	311687112594	26665550	5240285	448.3185	3902.08	0.3338	1312.71	0.1123	91874.024995894	1250000000	106940.3828	1255240285	107388.7031	Poolin
619778	000000000000000000113c9245c04dd6f095bbf5f331a3acb196b7c48ea5d78a	2020-03-02 03:39:39	2020-03-02 02:19:00	810859	604165	2623354	536870912	20000000	100000000000000000000000000000	f51bd3d673bcf6427f6ac9d266e38c1c00d8845d07d6c5a0c1379878c24cbdbe	823086861	387067068	15486913440293	00000000000000000000000000000000000000000d3328a387babfe0bf75b05b	0302750904fb7f5c5e7669702f7777772e6f6b65782e636f6d2ffabe6d6d74483e2c95cff8f04f597f472c206bd01b1fa0e397235c86e5d653d028d2e511020000004204cb9a214ef42b9bf9060000000000	1564	1349	3211	6053	118507856520	10138620	119757856520	10245561	1346250	115.1748	1661.05	0.1421	513.454	0.0439	6243.202722185	1250000000	106940.3828	1251346250	107055.5547	OKEX
619779	00000000000000000009ae743e031436e0112ffa72786bb5412f6bac03fbac4c	2020-03-02 03:54:56	2020-03-02 02:50:08	1228492	921631	3993385	541065216	20400000	100000010000000000000000000000	10c2fe92289770f839aeddc5f0b686dd36da02f58002654bf70263243a4782b2	717419525	387067068	15486913440293	00000000000000000000000000000000000000000d3336b969ca0c14eb22eb64	0303750941d79720e515ae1c41d79720e42ea5122f48756f62692ffabe6d6da5c7c5572bbca5a63c7f9c43f962344fed046be29c11e24e441ef60f39476ee88000000000000000e900cee7f466010000000000	2588	1478	5377	7588	543149727269	46467712	544399727269	46574652	16199781	1385.9286	13190.8	1.1285	4058.09	0.3472	7469.5788428305	1250000000	106940.3828	1266199781	108326.3125	Huobi
619780	00000000000000000004c34c6826fb65541eed9c519cb5f67e8eee2f18c652e2	2020-03-02 04:00:03	2020-03-02 03:06:33	855765	612758	2694039	541065216	20400000	100000010000000000000000000000	9ebd9e4b86c9241911e1be6ac3627139d49db55c089ec69fa0c45a4253196901	1870413687	387067068	15486913440293	00000000000000000000000000000000000000000d3344cf4bd9584916d0266d	03047509082f5669614254432f2cfabe6d6dfcf90f99cabfde76339896947583b3013b14177cca232e45a1726deed70a9d7910000000000000001031c4051006bc7931288888070b370000	1464	1096	3361	7760	366455013908	31351072	367705013908	31458012	7241672	619.5417	8465.96	0.7243	2689.44	0.2301	5823.0013517263	1250000000	106940.3828	1257241672	107559.9219	ViaBTC
619781	0000000000000000000811cc1483723e888e634d350ebc9e2bae4ac232b6d405	2020-03-02 04:00:17	2020-03-02 03:35:43	26076	19667	85077	541065216	20400000	100000010000000000000000000000	813d292926c016ea90ed7eeed65e2de2086c59e32c16f737a60fe1227b076161	3595100484	387067068	15486913440293	00000000000000000000000000000000000000000d3352e52de8a47d427d6176	03057509fabe6d6d5030287828b8fe536f5919eabe9b8cd3bb430f3b3cca2ffa7c25bceda426cfbc01000000000000000c6508079fc13b05050000dd281b2f736c7573682f	82	51	100	243	8359917885	715210.25	9609917885	822150.625	229272	19.6147	8919.35	0.763	2739.18	0.2343	13.865955138169	1250000000	106940.3828	1250229272	106959.9922	SlushPool
619782	0000000000000000000e46858d3443815600827770d6af96e4e3de5d77727a2b	2020-03-02 04:19:35	2020-03-02 03:38:55	1270027	907717	3993178	536870912	20000000	100000000000000000000000000000	ca8238285084cd1772a2b7f502e452a067e31b006d720f80889067c53d9c0af8	1764915488	387067068	15486913440293	00000000000000000000000000000000000000000d3360fb0ff7f0b16e2a9c7f	030675090459895c5e535a30322f4254432e434f4d2ffabe6d6d80e479db955c5913b9e50991819102ee3f1229cd866be463af1ff84effd11776080000007296cd10a1acbe468e33000000000000	2515	1421	5544	7751	572781020636	49002736	574031020636	49109676	19360510	1656.3363	15249.3	1.3046	4850.33	0.4149	63134.638605461	1250000000	106940.3828	1269360510	108596.7188	BTC.com
619783	0000000000000000000d951be41cc0bfbb29b7985bf035015763c7673df6d2ca	2020-03-02 04:41:55	2020-03-02 03:39:39	1315761	892548	3993405	536870912	20000000	100000000000000000000000000000	77eedf3ca6b69a9d860d2e99f6b3e37dbff6c92feb4e9cc502f80569dd2067f0	1104098012	387067068	15486913440293	00000000000000000000000000000000000000000d336f10f2073ce599d7d788	0307750904948e5c5e626a30332f4254432e434f4d2ffabe6d6d33c08d11d84737410341a5a62106ea62ac9a614286ecb7fa1f3d9283c362c883080000007296cd10d076093dd07b440000000000	2731	1431	5951	6389	865910179581	74080608	867160179581	74187552	16153060	1381.9315	12280.6	1.0507	4046.55	0.3462	20983.78122	1250000000	106940.3828	1266153060	108322.3125	BTC.com
619784	00000000000000000009f2b4cc2068487dd1ea20889b7c1b5e5eb1b8e52db654	2020-03-02 04:46:35	2020-03-02 03:54:56	1287950	893963	3969839	536870912	20000000	100000000000000000000000000000	2fca0d18d327b666cadecfda6a6de2bfc6d423861391f371acbde4e327fcb2e0	925665137	387067068	15486913440293	00000000000000000000000000000000000000000d337d26d4168919c5851291	0308750904ab8f5c5e652f4254432e434f4d2ffabe6d6d8cf1514d52bcd25bc1162fd9ff0153dbca15943358907575e684225d29a4dfed08000000ceeed33d3f8fe0839526000000000000	2835	2292	5874	6871	236190015287	20206600	237440015287	20313540	7720221	660.4827	5996.16	0.513	1945.49	0.1664	4861.015508381	1250000000	106940.3828	1257720221	107600.8672	BTC.com
619785	00000000000000000000f9b60ec4b45d2b66adca5b0bf8c9439c22352b45b4f7	2020-03-02 04:47:01	2020-03-02 04:00:03	21528	14019	63585	545259520	20800000	100000100000000000000000000000	75899c60b38ab78d3c62f16a9ed3e9b1d76cbed33fe5a6b4121c1258de0c4ffb	3308028588	387067068	15486913440293	00000000000000000000000000000000000000000d338b3cb625d54df1324d9a	030975091c4d696e656420627920416e74506f6f6c3131320001050020fce011d9fabe6d6d4aa4058f83643bc481b3248041bf2de09c066d3bb4f0dfd9cc5b6fd9aa10e237040000000000000083430000a6980200	57	46	95	121	1317622098	112725.6094	2567622098	219665.9844	173426	14.837	8200.97	0.7016	2789.59	0.2387	238.3743720199	1250000000	106940.3828	1250173426	106955.2188	AntPool
619786	0000000000000000000c015d0193aafb12f3562aebb2bb2e9110d116a291d412	2020-03-02 04:52:01	2020-03-02 04:00:17	464034	313702	1405140	536870912	20000000	100000000000000000000000000000	6b037f5dd7f74f69aa486eaab5c9254ba521cd27b2dfed8616356c71ae863db4	3576909244	387067068	15486913440293	00000000000000000000000000000000000000000d339952983521821cdf88a3	030a750941d797243ce8452141d797243c6f539f2f315448617368263538434f494e2ffabe6d6dff81e4d8aeb859afa5b833b086f94f398e8cb5439ee21a66b4c74009838b1a618000000000000000c9004c644548010000000000	1092	716	2041	2377	162279138606	13883354	163529138606	13990295	5451677	466.4035	11758.3	1.0059	3883.81	0.3323	391322.17162125	1250000000	106940.3828	1255451677	107406.7812	1THash&58COIN
619787	00000000000000000006dbdfa6a7cb8c0dd8c4d3f0d73ae146c59b905e25e609	2020-03-02 04:52:54	2020-03-02 04:19:35	205677	87807	469098	545259520	20800000	100000100000000000000000000000	3f5e81402121e0612b6890b7c878cd822c9432b94fea720ba8f7f8ac272e7e38	1752780800	387067068	15486913440293	00000000000000000000000000000000000000000d33a7687a446db6488cc3ac	030b75092cfabe6d6d000cd5f50424e4bc1ae6b994e0b59061de0f0ecbd47dbf2d9648f1b4b8710e1e10000000f09f909f00134d696e6564206279206b726970746f6e303034000000000000000000000000000000000000000000000000050036bc0000	200	143	906	413	20077557159	1717681.25	21327557159	1824621.625	899519	76.9559	4383.21	0.375	1924.62	0.1647	581.27296749389	1250000000	106940.3828	1250899519	107017.3359	F2Pool
619788	00000000000000000004c84b0ec6aca9992d20e75b111d4ea73ec731c41f7959	2020-03-02 04:56:51	2020-03-02 04:41:55	500450	372766	1618748	2147475456	7fffe000	111111111111111110000000000000	0a64d43e6ea12c52fdbc51cd4cc8b288cec6826a5ec23e76bad0a6f56b64fcab	3765479311	387067068	15486913440293	00000000000000000000000000000000000000000d33b57e5c53b9ea7439feb5	030c75091c4d696e656420627920416e74506f6f6c313039ab001f002000644fa0fabe6d6ddf68345c0088d56ed591418afe59908be69586a5c720c8be5587ac5d2254a89a0400000000000000a600000032451700	1028	731	2465	2246	158659621175	13573696	159909621175	13680637	5788219	495.1955	11574.9	0.9903	3578.89	0.3062	4981.5137655453	1250000000	106940.3828	1255788219	107435.5781	AntPool
619789	0000000000000000000e51dede518783e48b084f137d3e320ebc09a2212185e1	2020-03-02 05:07:24	2020-03-02 04:46:35	946271	616544	2795903	1073733632	3fffe000	111111111111111110000000000000	56f4f52416e84da66c73240c467ea4e267e495a5ff711f04b1e99702b41d844f	2350068264	387067068	15486913440293	00000000000000000000000000000000000000000d33c3943e63061e9fe739be	030d75090477945c5e2f706f6f6c696e2e636f6d2ffabe6d6d750e297d0f7880f71d1c41db6dac2b8bfd1abe326b950b4cdbe645edcbf66ab3010000000000000033680384e1c35d50dcaf0fb67c78b9f51122dd81d5006e65000000000000	2334	1627	4135	5759	422662879305	36159784	423912879305	36266724	10037845	858.7608	10612.2	0.9079	3592.07	0.3073	4242.5981086568	1250000000	106940.3828	1260037845	107799.1406	Poolin
619790	00000000000000000010b5929da6550fb1b511412e7ad25d3981716e0e38abf6	2020-03-02 05:10:41	2020-03-02 04:47:01	258471	177628	791355	541343744	20444000	100000010001000100000000000000	839d1d2b9c31a8a74eb975f45b877a7a1b41e2060730e628d428a3c138418342	2384512933	387067068	15486913440293	00000000000000000000000000000000000000000d33d1aa20725252cb9474c7	030e750941d797254bc1034941d797254baef9692f315448617368263538434f494e2ffabe6d6d5fdebe43f0c1f89e48b274b42f94b7f86108a99b4808ffd6a19cf648181820838000000000000000b400f8d34100000000000000	694	487	1145	1478	160395400721	13722196	161645400721	13829137	2478184	212.0144	9602.31	0.8215	3137.31	0.2684	846.48022123212	1250000000	106940.3828	1252478184	107152.3984	1THash&58COIN
619791	00000000000000000011dec6f935a0f7c6c8470136c6df89d9cc053c28ec0e7e	2020-03-02 05:15:40	2020-03-02 04:52:01	542340	320412	1503576	549453824	20c00000	100000110000000000000000000000	c1c5f9e0c3ef43811cf6990e2d7adb1078b5b0dbe512ecf56fc3ac6a5498b8f4	1797407092	387067068	15486913440293	00000000000000000000000000000000000000000d33dfc002819e86f741afd0	030f75091b4d696e656420627920416e74506f6f6c3832ab0065002007200d2efabe6d6dc2c1a4562c1a293fbcfd9f7ec92031595f384edee8d8ed65bbe75fe255649aef04000000000000006399000030880200	1028	635	2521	2548	562168197845	48094784	563418197845	48201724	4899195	419.1374	9039.81	0.7734	3261.44	0.279	1472.7036978129	1250000000	106940.3828	1254899195	107359.5156	AntPool
619792	0000000000000000000626267699de2c3d89e850defd2320e4439b240a0e0a0d	2020-03-02 05:24:11	2020-03-02 04:52:54	675748	459570	2054458	536879104	20002000	100000000000000010000000000000	9ccd0a9aa18208603946550e807cb68ce5b63bcd89d87e99add0885b6db7e1ba	520185252	387067068	15486913440293	00000000000000000000000000000000000000000d33edd5e490eabb22eeead9	03107509047e985c5e2f706f6f6c696e2e636f6d2ffabe6d6d5fe8df3c9c7b4662091cd9daed6035804b791414c7ff67d2d201c6779c3ebbea0100000000000000b1e374f7afa4cf818c26dfd67339196f10a4a2a0540069741900ffffffff	1552	998	2939	4235	258785109408	22139662	260035109408	22246602	6630522	567.2564	9817.8	0.84	3229.67	0.2763	10406.962456881	1250000000	106940.3828	1256630522	107507.6406	Poolin
619793	00000000000000000007dee025ee8542b47feb188aa936bf4327251cd620bd01	2020-03-02 05:25:15	2020-03-02 04:56:51	56012	43432	186308	536870912	20000000	100000000000000000000000000000	a34ea2c95cf29d221659c2335c7cff7a8f69699d7a56b81ce3040d2384171d61	450219724	387067068	15486913440293	00000000000000000000000000000000000000000d33fbebc6a036ef4e9c25e2	0311750904bd985c5e2f706f6f6c696e2e636f6d2ffabe6d6d67eb6a748fb35aacea981a449d2e51e935beba17967b535627e69cde26c47cd90100000000000000b1e374f7afa4cf818c26dfd67339196f10817ef28000efe50200ffffffff	157	87	251	349	62516257856	5348410	63766257856	5455350.5	876433	74.9809	15756.7	1.348	4741.06	0.4056	1424.2952415223	1250000000	106940.3828	1250876433	107015.3594	Poolin
619794	0000000000000000000b25b55b5c23398210993073e6c4c31440b24d37a035ba	2020-03-02 05:33:21	2020-03-02 05:07:24	703223	408383	1928372	545259520	20800000	100000100000000000000000000000	56856b0d6713ca78788d2747b89fff7f6acb39e74b571d811f4ca441d8ecfe1a	330579637	387067068	15486913440293	00000000000000000000000000000000000000000d340a01a8af83237a4960eb	031275091b4d696e656420627920416e74506f6f6c34388c004701200d735321fabe6d6d804efb2cbc1ba068ca53dcf7e122cef02ad7756eb9b727f80a46c9588401a1100400000000000000d7b2160099770100	1523	1017	2904	3719	239847871869	20519538	241097871869	20626478	6146864	525.8784	8745.74	0.7482	3189.94	0.2729	3584.58376427	1250000000	106940.3828	1256146864	107466.2578	AntPool
619795	0000000000000000000d583be67b1991651601219cb7aa6875fec89710be5854	2020-03-02 05:35:35	2020-03-02 05:10:41	144792	101211	448425	541065216	20400000	100000010000000000000000000000	f053e66f3158954b9ded6632f01faa3f9950faef3aa80942fe133571180dfcf0	3319525677	387067068	15486913440293	00000000000000000000000000000000000000000d3418178abecf57a5f69bf4	0313750904279b5c5e2f4254432e434f4d2f42697444656572fabe6d6d497d7a6d4c618b9bc6a051689378402808475925d0dbde46d288bc65566e15c80800000016ed74480300073377d20b0200000000	420	257	629	1000	106463248367	9108176	107713248367	9215117	1616176	138.2676	11187.5	0.9571	3613.85	0.3092	256.60913720192	1250000000	106940.3828	1251616176	107078.6484	BTC.com
619796	0000000000000000000e9367882d6942be4ad56bdbf0239687e12a4f446f23d8	2020-03-02 05:49:50	2020-03-02 05:15:40	1000546	738964	3217438	536870912	20000000	100000000000000000000000000000	5089ee3174b57ee3592f930bee0348b8370ebc4494c17429822e137963cfdba0	3512806342	387067068	15486913440293	00000000000000000000000000000000000000000d34262d6cce1b8bd1a3d6fd	031475091a2f5669614254432f4d696e6564206279206b6f7061637a30312f2cfabe6d6d18eeab06c13de592360f38c0dc28efed283967d4f34f24a753d6b38c8dfb1a62100000000000000010a7c5051006bc7931286a8b44f5cd0100	2464	1400	4553	5576	587631510256	50273232	588881510256	50380172	11525416	986.0259	11523.7	0.9859	3583.82	0.3066	30158.757459255	1250000000	106940.3828	1261525416	107926.4062	ViaBTC
619797	000000000000000000046d046fc940bd83533b0f03c86bafddc0412266cfcff8	2020-03-02 06:08:16	2020-03-02 05:24:11	1226546	922199	3993143	536870912	20000000	100000000000000000000000000000	802c5a1efee63ff976542a0dae168bcce168ff5476a9f7e4b2b632adb67d5268	2838165717	387067068	15486913440293	00000000000000000000000000000000000000000d3434434edd67bffd511206	0315750904d1a25c5e7669702f7777772e6f6b65782e636f6d2ffabe6d6d460a29d491bf92d1e9a4580ca9227faf580b6bf18be27c586ece198e7dc097ac020000004204cb9a2a316012164dce267c897b00	2477	1174	5506	6206	765706936108	65507992	766956936108	65614932	12753049	1091.0527	10400.7	0.8898	3194.86	0.2733	16337.923345039	1250000000	106940.3828	1262753049	108031.4297	OKEX
619798	0000000000000000000b2b56d0c8558510dd550127c92361849780dac5c77105	2020-03-02 06:13:31	2020-03-02 05:25:15	818831	575862	2546417	1073676288	3fff0000	111111111111110000000000000000	2a541ca99596327356c986162617cce57ff0d2542ac203c65d79d189db6f3b59	963734415	387067068	15486913440293	00000000000000000000000000000000000000000d34425930ecb3f428fe4d0f	031675090400a45c5e2f706f6f6c696e2e636f6d2ffabe6d6da8b4fad3e9f328b2718990680533b55cccb16e3002ce4821a0e934603558d357010000000000000051bf2ad74af345dbe642154b26589316126b6cd85e0015af0000ffffffff	1900	1447	3808	4122	261558517652	22376934	262808517652	22483874	4943311	422.9117	6040.32	0.5167	1942.56	0.1662	4665.3149465555	1250000000	106940.3828	1254943311	107363.2891	Poolin
619799	00000000000000000006f40c0b2bd3399d4dcc88c2fb5323a0d87944ca73fe81	2020-03-02 06:28:14	2020-03-02 05:33:21	1199133	933186	3998691	1073676288	3fff0000	111111111111110000000000000000	e61945e3b8f72a27cc99fc6fb48e0693dbb64f2f0b57ff7d4abdec68ab288ac5	451731298	387067068	15486913440293	00000000000000000000000000000000000000000d34506f12fc002854ab8818	031775092cfabe6d6dd57c07d43882eeec21ec209ccc09769f4da438676dcac5a233296a437ec8765d10000000f09f909f00104d696e6564206279207a676332303139000000000000000000000000000000000000000000000000000000050079620000	2200	1104	4558	11725	477958515656	40890452	479208515656	40997392	12720130	1088.2365	10611.8	0.9079	3182.45	0.2722	5904.5295858707	1250000000	106940.3828	1262720130	108028.6172	F2Pool
619800	000000000000000000034266ff6e2e631a9abda2187126020d22da3cdb1a236e	2020-03-02 06:41:34	2020-03-02 05:35:35	1356931	878739	3993148	536879104	20002000	100000000000000010000000000000	c13e89cc73433c88d205d69e5cc925c4706522718fef8604e06e742461a2a48e	449370764	387067068	15486913440293	00000000000000000000000000000000000000000d345e84f50b4c5c8058c321	0318750904a0aa5c5e434e2f54545454545433333333fabe6d6d99c452ba0a661b4d1f67d8035634ce03e396078956c0c71cd5f2f878b71aaf5d020000004204cb9a8522de333915545e680d5d00	2535	1373	5922	5868	505215931097	43222388	506465931097	43329328	12796906	1094.8048	9433.37	0.807	3205.83	0.2743	39018.167104847	1250000000	106940.3828	1262796906	108035.1875	Unknown
619801	000000000000000000105d1c5549e63ad6ca7f4b04edcbbe459eacb7055a6f75	2020-03-02 06:55:01	2020-03-02 05:49:50	1257470	911949	3993317	536870912	20000000	100000000000000000000000000000	6852e6a9f6f2823deeaf439ba20b9dfecf81a484a5e69e631208d03bd5d1338a	1369744073	387067068	15486913440293	00000000000000000000000000000000000000000d346c9ad71a9890ac05fe2a	031975091b4d696e656420627920416e74506f6f6c3132ab008d00202aa76afefabe6d6d79a115652ed35702b623e7176b3830e77bea155264d9755d185975daba1ed7c10400000000000000220d09000d27390e	2641	1498	5821	6076	526362647186	45031536	527612647186	45138476	14677584	1255.7012	11675.9	0.9989	3676.84	0.3146	27866.546033375	1250000000	106940.3828	1264677584	108196.0781	AntPool
619802	0000000000000000000edad8bd5862707999316496b53b40e65a4ab9c0bd39d7	2020-03-02 07:00:03	2020-03-02 06:08:16	1256165	823440	3726485	1073733632	3fffe000	111111111111111110000000000000	232804273b2152effadc3567ed0e7fb2ae3bdbd166247b06c903f05efc00279f	771481945	387067068	15486913440293	00000000000000000000000000000000000000000d347ab0b929e4c4d7b33933	031a750904c9ae5c5e2f706f6f6c696e2e636f6d2ffabe6d6daf88c202a2c1c58933ac340e087a29c1147c30cb63976aa06a77bd160f652c1c01000000000000009e2780e9efd2c4f2fe65fa0785da620e10f3b07ad5003915000000000000	2957	2310	5292	8069	216249399641	18500634	217499399641	18607574	5786468	495.0457	4608.09	0.3942	1553.49	0.1329	2681.1111196134	1250000000	106940.3828	1255786468	107435.4297	Poolin
619803	0000000000000000000b200501eabc563d02a240a8b49121ff70a9a6e5454db2	2020-03-02 06:59:24	2020-03-02 06:13:31	15406	11314	49348	805298176	2fffe000	101111111111111110000000000000	28a8d5150240c19efbb20b5c6b35bc643a7ebc97fbde90b37b36bddeca5fe426	2775594082	387067068	15486913440293	00000000000000000000000000000000000000000d3488c69b3930f90360743c	031b75092cfabe6d6d81ae9af86d565e3dc5b2c2d57495a971f5b18ccb2412e2d4706ae1b33c8d961f10000000f09f909f00184d696e6564206279207a68756e646f6e67616c6c32303230000000000000000000000000000000000000000500134e0000	37	19	67	111	3902628951	333878.9062	5152628951	440819.2812	342579	29.3084	22918	1.9607	7193.41	0.6154	158.88390362446	1250000000	106940.3828	1250342579	106969.6875	F2Pool
619804	00000000000000000002861356b937efc62ee57b431a6dd08050e537b444fe63	2020-03-02 07:05:53	2020-03-02 06:28:14	675310	501383	2179459	536928256	2000e000	100000000000001110000000000000	399da8ee76a96584c4d6ba544bf401055ba2562585ec82cd0576c37937bb70ec	1438385846	387067068	15486913440293	00000000000000000000000000000000000000000d3496dc7d487d2d2f0daf45	031c7509043db05c5e7669702f7777772e6f6b65782e636f6d2ffabe6d6d82781c370bea0f46aaffeb928cdba7842b843b55e787044f069a4c2cc98b7716020000004204cb9a244e4724290e30c4e1d50000	1381	781	3137	3491	231526110993	19807592	232776110993	19914532	8642840	739.4149	12805.5	1.0955	3968.15	0.3395	13155.587230433	1250000000	106940.3828	1258642840	107679.7969	OKEX
619805	00000000000000000011f0a82573451b7877cdca995a4890d3cc8d180d653931	2020-03-02 07:47:07	2020-03-02 06:41:34	1367751	875160	3993231	541065216	20400000	100000010000000000000000000000	cf2627c686f52f25df786c4e791bc1faecd18f029a7d4077c40f0b8543bf4bac	850947111	387067068	15486913440293	00000000000000000000000000000000000000000d34a4f25f57c9615abaea4e	031d75090400ba5c5e2f706f6f6c696e2e636f6d2ffabe6d6d314dbe1b7649b5be593a12b5bf3fc6ea3f05a8da6707b9177abab17e9a37318e0100000000000000a6329007b46d81b1b305204298d1cc51112cf67f90007f09020000000000	2154	1044	5949	6002	761100225005	65113880	762350225005	65220820	42395456	3627.0291	31005.4	2.6525	10620.7	0.9087	10449.301041183	1250000000	106940.3828	1292395456	110567.4062	Poolin
619806	0000000000000000000530fca1b42f798cb443f4b091d49ca2fe32b3d78e0081	2020-03-02 07:50:40	2020-03-02 06:55:01	1329313	887826	3992791	536870912	20000000	100000000000000000000000000000	6d5d03a14be131d34f137da8587754c49c8aec072dc0588a65d98f770c3b16f7	2318465846	387067068	15486913440293	00000000000000000000000000000000000000000d34b3084167159586682557	031e75092f7461616c2e636f6d2f7166456a5174564b55466bd63aa7a24db3b8c01100a0	2726	1659	6395	6226	731195479489	62555460	732445479489	62662400	11142989	953.3084	8384.33	0.7173	2791.5	0.2389	257459.24161242	1250000000	106940.3828	1261142989	107893.6875	Unknown
619807	00000000000000000008ecdeb6e784871183c8cdd4b8e0fe24619399d9f6b2f0	2020-03-02 07:52:55	2020-03-02 06:59:24	1191781	935652	3998737	536870912	20000000	100000000000000000000000000000	cca3e5b1232cbf947e194304f1ffaf740a5ebbce8f0edd732748db693910e0ab	2735506710	387067068	15486913440293	00000000000000000000000000000000000000000d34c11e237661c9b2156060	031f75092cfabe6d6d7c6e54e600f222b3eb099aa8ab3e03538ab890b77563127c763d61887639ef0910000000f09f909f000f4d696e6564206279206574786a3032000000000000000000000000000000000000000000000000000000000500072b0000	2514	743	5523	5823	459322425072	39296092	460572425072	39403032	6262585	535.7786	5256.84	0.4497	1566.82	0.1341	24597.217760409	1250000000	106940.3828	1256262585	107476.1562	F2Pool
619808	00000000000000000005edd3adc8a4835834e5737ca5c60b3b4cf9f0b60a4401	2020-03-02 08:23:08	2020-03-02 07:00:03	1271367	907278	3993201	536870912	20000000	100000000000000000000000000000	ac71f1c267124c4118695bcd0231b06d2474797bf0da257a316d7aa84f35562e	3271640516	387067068	15486913440293	00000000000000000000000000000000000000000d34cf340585adfdddc29b69	03207509046cc25c5e2f4254432e434f4d2f42697444656572fabe6d6dead0541eb5a43d0c2541b913187b6c17bd392c0b3b66ef2c409b6f4d9780cc340800000016ed744803000a3f5a58d70100000000	2963	1585	5825	7595	919110194137	78631992	920360194137	78738936	27846769	2382.3552	21908.7	1.8744	6975.66	0.5968	74348.744980974	1250000000	106940.3828	1277846769	109322.7344	BTC.com
619809	0000000000000000000607e9393c430edd9c0fd507c5bc91591a45a9b7c0a4f1	2020-03-02 08:24:56	2020-03-02 07:05:53	1185709	935968	3993613	536928256	2000e000	100000000000001110000000000000	1f6992b3524f976743d1d403d1118ed8bfd5c66a670c229cb4635f548628bd38	4013711896	387067068	15486913440293	00000000000000000000000000000000000000000d34dd49e794fa32096fd672	0321750904d5c25c5e2f706f6f6c696e2e636f6d2ffabe6d6da6157dffbd3eb07de84354d06646be332633b5f4d2cd72f2a03d6a20833d069301000000000000000e62f7e06609164fc365d13f44dfdb051116acaf9700b53c000000000000	2462	926	5320	5504	405021741824	34650544	406271741824	34757484	6638824	567.9667	5601.14	0.4792	1663.06	0.1423	8243.8119960322	1250000000	106940.3828	1256638824	107508.3438	Poolin
619810	000000000000000000103bfd4235655c76159432cfc42abe28e0150fe9d3921e	2020-03-02 08:32:57	2020-03-02 07:47:07	1302318	897088	3993582	1073676288	3fff0000	111111111111110000000000000000	8873988b2478f1e72682a31341d6d4e4270e20a1ff5febd8d03945e1e30ebe13	1043851587	387067068	15486913440293	00000000000000000000000000000000000000000d34eb5fc9a44666351d117b	0322750904aec45c5e535a30322f4254432e434f4d2ffabe6d6dd7fa11f69ab8dba6fbf22acaa068509ebd73bcdc593e000691cbbae4cb705f15080000007296cd1098908595b53c000000000000	2523	1171	5951	5867	373330730554	31939304	374580730554	32046244	11603505	992.7066	8912.79	0.7625	2906.7	0.2487	15512.832940959	1250000000	106940.3828	1261603505	107933.0859	BTC.com
619811	0000000000000000000bfc1d7276e13467118976dc6eaf3d3554580ae7fe5726	2020-03-02 08:43:39	2020-03-02 07:50:40	1355554	879308	3993478	536870912	20000000	100000000000000000000000000000	8724f59de39d31b5e91b07318d928ca25a440d8cd125ae883c42b7c021df1c08	3049142643	387067068	15486913440293	00000000000000000000000000000000000000000d34f975abb3929a60ca4c84	03237509043bc75c5e2f706f6f6c696e2e636f6d2ffabe6d6dfc8b9a0a8fd35c857ba1511ee4912abe938c4f3df53bfc6fdb40195e96a95b230100000000000000afb80520a0920010240562401a7c272d1196dc141f00632a330000000000	2338	1079	6138	5159	852221560644	72909520	853471560644	73016456	15761048	1348.3939	11630.8	0.9951	3948.35	0.3378	25042.200128962	1250000000	106940.3828	1265761048	108288.7734	Poolin
619812	0000000000000000000d1732b6e5267fbb8b92f9dc4bd5d31e604ec5e5a4f008	2020-03-02 08:48:05	2020-03-02 07:52:55	1237408	918489	3992875	536870912	20000000	100000000000000000000000000000	9145edb16acdc5cbbb0871276add41dda5ac62bcc89781e9502a64f337553015	2958085702	387067068	15486913440293	00000000000000000000000000000000000000000d35078b8dc2dece8c77878d	03247509044ac85c5e2f706f6f6c696e2e636f6d2f3c2b75ba18c415f7ee12cc28e1f934db0f392eb316001206020000000000	1986	1147	6365	4605	338000274065	28916702	339250274065	29023642	7328612	626.9797	5923.99	0.5068	1835.92	0.1571	18379.587894085	1250000000	106940.3828	1257328612	107567.3594	Poolin
619813	00000000000000000007324ffc5e17a70cc08dbd565c36a1f83c1a6e1ade04e6	2020-03-02 08:57:46	2020-03-02 08:23:08	1381864	872300	3998764	671080448	27ffe000	100111111111111110000000000000	e2364b4f4fd576b7268910a750a1681e6044195f902d90b33e043d1ad5e254dd	354024812	387067068	15486913440293	00000000000000000000000000000000000000000d3515a16fd22b02b824c296	032575092cfabe6d6d409f632804feaf1a47b371b91e0188f77e0f585e66b7ab5ec4974db63841bec710000000f09f909f000e4d696e656420627920646c686b6300000000000000000000000000000000000000000000000000000000000500066d3500	2526	1481	6438	5771	508145793448	43473044	509395793448	43579984	13528351	1157.3816	9793.19	0.8378	3384.6	0.2896	11911.455266068	1250000000	106940.3828	1263528351	108097.7656	F2Pool
619814	00000000000000000011b23f910a89d592ec84d51a51b1d3137c0a4f4507cfa2	2020-03-02 09:22:57	2020-03-02 08:24:56	1321779	890510	3993309	536879104	20002000	100000000000000010000000000000	1c1360eaaa2aca5bf17dc4758ffa4e55d3e56fb99721f83711d89cb083793de4	522804320	387067068	15486913440293	00000000000000000000000000000000000000000d3523b751e17736e3d1fd9f	032675090471d05c5e7669702f7777772e6f6b65782e636f6d2ffabe6d6ddb5b8feb99f298209153cbb94fa9adcf8fcb2c4179fbb10d99b99cb4fb51c387020000004204cb9a244e472429123135388ebe00	2986	1560	5789	7822	1003339428642	85838000	1004589428642	85944944	21856914	1869.9094	16540.7	1.4151	5475.31	0.4684	13449.763055553	1250000000	106940.3828	1271856914	108810.2891	OKEX
619815	00000000000000000007aa90afee5ba748c35c4b7c312f2081b2d6409853e6ec	2020-03-02 09:29:13	2020-03-02 08:32:57	1292194	900368	3993298	541065216	20400000	100000010000000000000000000000	e87bc2fad2fdad3064e5197cd5bdf91a1fed5627bdf62e95b61aea1c2e9b4674	1082787336	387067068	15486913440293	00000000000000000000000000000000000000000d3531cd33f0c36b0f7f38a8	032775091b4d696e656420627920416e74506f6f6c3337fd005b012061cd0346fabe6d6dae161559a6e846448b07ba4b986473274d625d4af331d16f4c0f3271e5ed94200400000000000000b8bb0400a7cb0200	2405	1198	6052	5727	717500056527	61383784	718750056527	61490724	11081870	948.0795	8578.55	0.734	2776.1	0.2375	15070.897963808	1250000000	106940.3828	1261081870	107888.4609	AntPool
619816	00000000000000000003e7aef7c52cea94868893faac5582d236d957d7d4abbf	2020-03-02 09:42:37	2020-03-02 08:43:39	1322780	890196	3993368	549453824	20c00000	100000110000000000000000000000	e713a598947723425fea45fb6cee1affe4ce7c3b30ba90ef32fd8a4553efc552	1095831096	387067068	15486913440293	00000000000000000000000000000000000000000d353fe316000f9f3b2c73b1	03287509fabe6d6dac67935e62a83806950b949eed5915a1b363832e8ea53aea12ef9fa6a9ca777d010000000000000030650805f9c2c8736300001246192f736c7573682f	2870	1466	6133	6852	526178034169	45015744	527428034169	45122684	15431521	1320.2021	11669.3	0.9983	3865.63	0.3307	6931.0309876683	1250000000	106940.3828	1265431521	108260.5859	SlushPool
619817	000000000000000000050d07135e01997377a24906dc9de26d67168072038291	2020-03-02 09:44:02	2020-03-02 08:48:05	1283927	903074	3993149	1073733632	3fffe000	111111111111111110000000000000	6325a8bb49d4cf8f9b9afda70e1859b7939e8f9fbb80ef1bc7424749fc54774a	1434760671	387067068	15486913440293	00000000000000000000000000000000000000000d354df8f80f5bd366d9aeba	0329750941d7973559678a9241d7973558aed3c72f315448617368263538434f494e2ffabe6d6d10fb10a100e1b754072da7f3205a49c859d873d59d6bb96eca442d51821554228000000000000000d200a28ad0780a0000000000	2369	1113	6159	4998	361567435566	30932928	362817435566	31039868	3626155	310.2259	2825.12	0.2417	908.424	0.0777	17189.459661435	1250000000	106940.3828	1253626155	107250.6094	1THash&58COIN
619818	0000000000000000000fa051f7ae33b92ad1dc7f9f4d8ec6b947148ad6b9569e	2020-03-02 09:47:53	2020-03-02 08:57:46	1396245	865728	3993429	550551552	20d0c000	100000110100001100000000000000	0d7e49f488fe58f329c36b84f2510e75811c4c17f92e21118e00c5d3cedd4496	56358249	387067068	15486913440293	00000000000000000000000000000000000000000d355c0eda1ea8079286e9c3	032a750941d797359065808041d797358fb206fc2f315448617368263538434f494e2ffabe6d6d3a802074bb6f13e4963f315fb00f108ddc133999e7458aca7c39c99b548bfb2a8000000000000000dd008e507300000000000000	3108	2433	6273	7161	401562174147	34354568	402812174147	34461508	7569396	647.5793	5422.76	0.464	1896.15	0.1622	409242.79107669	1250000000	106940.3828	1257569396	107587.9609	1THash&58COIN
619819	00000000000000000010424319b5c91b2e7f6eb5c996b8322319ea8bcde1bbd9	2020-03-02 09:48:01	2020-03-02 09:22:57	815214	681283	2859063	1073725440	3fffc000	111111111111111100000000000000	9c8e1a4eb819f2142bb0a7708424450baac592458febab4c5729749690252821	1964910053	387067068	15486913440293	00000000000000000000000000000000000000000d356a24bc2df43bbe3424cc	032b75090455d65c5e455530322f4254432e434f4d2ffabe6d6d8d8c0e529ff33c0ebb39dea7ad90c7ac9b3c2e9a58b6d00f0cf6a4afd5c01c1608000000ceeed33d14cab2d21dd0010000000000	620	430	4715	1607	114729439134	9815368	115979439134	9922308	1026378	87.809	1259.69	0.1078	359.191	0.0307	61312.771430523	1250000000	106940.3828	1251026378	107028.1875	BTC.com
619820	000000000000000000073a667eee5226e94f3223f279c224be02ec1353314ff1	2020-03-02 09:54:27	2020-03-02 09:29:13	854380	613742	2695606	536870912	20000000	100000000000000000000000000000	920e53f26b0440c328d3d7ab72ae8dc352f91e9e4e271ed4227f98e5777bb583	3299580034	387067068	15486913440293	00000000000000000000000000000000000000000d35783a9e3d406fe9e15fd5	032c750904c9d75c5e2f706f6f6c696e2e636f6d2ffabe6d6d75e85703e092ed434ba03977f39ef30c77827782cabc8f9a81f4182edbae9d2f01000000000000000e62f7e06609164fc365d13f44dfdb0511e4bcebd700c9c70000ffffffff	2034	1185	3969	4513	329268120879	28169646	330518120879	28276586	9275547	793.5444	10862.1	0.9293	3443.12	0.2946	9590.8808730413	1250000000	106940.3828	1259275547	107733.9219	Poolin
619821	0000000000000000000572146153f9fd248a2990ec7c8cd9e6990040c319f3f7	2020-03-02 10:04:09	2020-03-02 09:42:37	1174987	941141	3998410	549453824	20c00000	100000110000000000000000000000	88be615536551003fe008b33d2748ea85f24c1ffb357228c7793bf83e2e02b93	3055260748	387067068	15486913440293	00000000000000000000000000000000000000000d358650804c8ca4158e9ade	032d75092cfabe6d6d292ba10aec778c216509a18dbf988fccfbf19bbce06d77ccaeb082abe711d16c10000000f09f909f00124d696e6564206279206c74333832363036370000000000000000000000000000000000000000000000000005003d710000	1620	804	6186	3940	477466995733	40848400	478716995733	40955344	13258964	1134.335	11288.8	0.9658	3317.5	0.2838	10089.189869408	1250000000	106940.3828	1263258964	108074.7188	F2Pool
619822	000000000000000000085d6510a59606a2c3fd9c81765781592fc0837b19b160	2020-03-02 10:28:46	2020-03-02 09:44:02	1305049	895907	3992770	536870912	20000000	100000000000000000000000000000	8c79b82d11a39d1d9e7fc52d05d1e13a66b99386b4f51ce0dcf297f8f2608f7e	2736366340	387067068	15486913440293	00000000000000000000000000000000000000000d359466625bd8d8413bd5e7	032e75090004cfdf5c5e043cf11d12081de7565e71383c00092f426974667572792f	2601	1255	6107	7321	974911389476	83405920	976161389476	83512856	27017771	2311.4326	20707	1.7715	6768.41	0.579	294067.06347223	1250000000	106940.3828	1277017771	109251.8125	BitFury
619823	00000000000000000010c39bf5d6f16f9a0bbd4bc84250a2e050d1f75d7def65	2020-03-02 10:29:08	2020-03-02 09:47:53	1111906	962190	3998476	1073676288	3fff0000	111111111111110000000000000000	8aca1723369c95912fb70d38085773d48d2e8512a5ac958696d554da9d1dfb9b	3191583249	387067068	15486913440293	00000000000000000000000000000000000000000d35a27c446b250c6ce910f0	032f75092cfabe6d6dc13fc7b41a2120f175e2432ae6527326e031f78d01fea99de88a1f66b3e8741210000000f09f909f000f4d696e6564206279206379786a683700000000000000000000000000000000000000000000000000000000050081000000	1361	581	6337	3005	383384352374	32799414	384634352374	32906356	5440064	465.41	4894.58	0.4188	1361.12	0.1164	5120.4814196762	1250000000	106940.3828	1255440064	107405.7891	F2Pool
619824	00000000000000000009a8253123c03e750a9e98e9b6f8d879c7b8db67b187b3	2020-03-02 10:32:59	2020-03-02 09:48:01	1134534	952864	3993126	2147418112	7fff0000	111111111111110000000000000000	1b0ecfb9f4f26422d19fab7eb7bdc4f4e7e5f560c17cf4283232f10f244e082a	1641680141	387067068	15486913440293	00000000000000000000000000000000000000000d35b092267a714098964bf9	033075091b4d696e656420627920416e74506f6f6c3432fd00e703207876c05ffabe6d6d4155b474d5453494bacca75c96fffb9a40092182771f5636f5d32723855972110400000000000000c76d00002f5a0000	1340	622	6357	3063	348452500697	29810914	349702500697	29917854	10441282	893.2758	9206.25	0.7876	2615.74	0.2238	5207.7528019813	1250000000	106940.3828	1260441282	107833.6562	AntPool
619825	0000000000000000000faeaaf064f407198c522e0399c2ec6533eb135f58d201	2020-03-02 10:41:33	2020-03-02 09:54:27	1293144	901846	3998682	536928256	2000e000	100000000000001110000000000000	2905fefeb7acc8941fffa59b46dc5fb31b32c64fb9335932db832a4b43403b1c	2695204520	387067068	15486913440293	00000000000000000000000000000000000000000d35bea80889bd74c4438702	033175092cfabe6d6dab2540b9ed6a7c853db7eda83f79f0acf4626c8b3c47aaf11eae9adf14fb925210000000f09f909f00124d696e656420627920626870707763796c3100000000000000000000000000000000000000000000000000050024280000	2586	1390	6055	6008	570037682809	48768036	571287682809	48874976	13301757	1137.996	10290	0.8803	3327.98	0.2847	15815.002715511	1250000000	106940.3828	1263301757	108078.375	F2Pool
619826	0000000000000000000dbba9d640627c9191d6fee58d2d794a55d71591ca3362	2020-03-02 10:45:47	2020-03-02 10:04:09	1322147	890355	3993212	1073733632	3fffe000	111111111111111110000000000000	c66c1eb07f41a620fbc3c0ed998930b6398dd1e65fc1af46acfdf81c9ce8d2df	2488062102	387067068	15486913440293	00000000000000000000000000000000000000000d35ccbdea9909a8eff0c20b	0332750904d0e35c5e535a30322f4254432e434f4d2ffabe6d6d2a99ea01555615f989cdf506e6ab7a74fdeb63a0596eabf03864b1ab64f80700080000007296cd10eeb054a1ca1f000000000000	2581	1261	6491	6027	510893612590	43708128	512143612590	43815068	8141336	696.5101	6159.64	0.527	2039.61	0.1745	32985.931856783	1250000000	106940.3828	1258141336	107636.8906	BTC.com
619827	00000000000000000011d63765e956e64ad8774a8028c77c187ec8ede8f67860	2020-03-02 11:04:02	2020-03-02 10:28:46	1422018	857103	3993327	536870912	20000000	100000000000000000000000000000	1ef815f9d5ea11051cd7e7f65d698b2e2fcc86eb00cf98d7ec66dffdfdde544c	2179606320	387067068	15486913440293	00000000000000000000000000000000000000000d35dad3cca855dd1b9dfd14	033375090422e85c5e455530322f4254432e434f4d2ffabe6d6d59b662caaac818427015aa5d7e8935ca1e5c2afe500f24c1e4bb18752c1d38fc08000000ceeed33d4c85d3b8eb7c040000000000	2860	1642	6194	6788	780927079569	66810112	782177079569	66917052	26394291	2258.0925	18566.7	1.5884	6612.24	0.5657	72375.573298334	1250000000	106940.3828	1276394291	109198.4766	BTC.com
619828	000000000000000000044ecca5130c22c8944d7aa8b7dce637c6b99ae5562a4c	2020-03-02 11:05:35	2020-03-02 10:29:08	1232089	922181	3998632	1073733632	3fffe000	111111111111111110000000000000	7f0fa6fd3a279648271f5b145888256e2fac524c6be961d6d84177ed0c80f131	4049094160	387067068	15486913440293	00000000000000000000000000000000000000000d35e8e9aeb7a211474b381d	033475092cfabe6d6d99e134f34281077a2fc1f822a614fa7bc3e48c080935816d2f0053f67bf9f5af10000000f09f909f00144d696e6564206279206f73696e6b61323032303500000000000000000000000000000000000000000000000500b0be0000	2624	1292	6014	5689	321942893097	27542956	323192893097	27649896	4768035	407.9164	3871.32	0.3312	1192.93	0.1021	18852.239876568	1250000000	106940.3828	1254768035	107348.2969	F2Pool
619829	00000000000000000008a87798af9a8ae67286b19851f287c926003c5be14f9e	2020-03-02 11:14:56	2020-03-02 10:32:59	1266890	908890	3993560	536928256	2000e000	100000000000001110000000000000	98b8f88936be3d43c1a8613a29e6b7ddda3c64245054e164260d7795fd1c2249	2338989731	387067068	15486913440293	00000000000000000000000000000000000000000d35f6ff90c6ee4572f87326	0335750904a7ea5c5e535a30322f4254432e434f4d2ffabe6d6d8457e64091ab5fb6455b803cb54c5b5845d984f065d09df42ae9c95fedf4ab38080000007296cd10911fef5700ff000000000000	2352	1185	6202	5677	538371379076	46058912	539621379076	46165852	13948356	1193.314	11013.6	0.9423	3494.11	0.2989	22182.892365756	1250000000	106940.3828	1263948356	108133.6953	BTC.com
619830	0000000000000000000714c336187a01b6b961f4d2aea25df36727a62deec388	2020-03-02 11:19:46	2020-03-02 10:41:33	1296184	896946	3987022	536870912	20000000	100000000000000000000000000000	6a6c46780d7cd105592a2e9de55dd1eb640c2ec7dcbe98389e2eb36ac032c2f3	3901741092	387067068	15486913440293	00000000000000000000000000000000000000000d36051572d63a799ea5ae2f	0336750904d3eb5c5e7669702f7777772e6f6b65782e636f6d2ffabe6d6d95036061a1471b83d97618eef80141649c80e6e21ae4448c9d4b4920cb3ccca3020000004204cb9a2a4a5d9e6553010000000000	2776	2051	6085	5889	312332605573	26720774	313582605573	26827714	10463071	895.1398	8074.57	0.6908	2625.21	0.2246	6345.1811562788	1250000000	106940.3828	1260463071	107835.5234	OKEX
619831	0000000000000000000a82cb78ba6c921d1be0f31fb7c6c391285aec5d086d45	2020-03-02 11:25:04	2020-03-02 10:45:47	589976	403390	1800146	536870912	20000000	100000000000000000000000000000	a902b253a900cfc83bd0b5ba945f2326955fd1868bd330ac6a08e3995c2a5a13	3221209900	387067068	15486913440293	00000000000000000000000000000000000000000d36132b54e586adca52e938	03377509082f5669614254432f2cfabe6d6de730e7dda3d52fb4baaae135f1d8829dc8232a3ab1cae847b95b72ac91526dca10000000000000001049c0480d8ba916df6bb56313fb600000	1516	938	2516	3694	224555406699	19211232	225805406699	19318172	6419992	549.2451	10888.8	0.9316	3569.16	0.3053	4311.3983375959	1250000000	106940.3828	1256419992	107489.625	ViaBTC
619832	0000000000000000000f237b07355b00106fea076823321e1d5f26535fde4b3c	2020-03-02 11:34:28	2020-03-02 11:04:02	1089748	734369	3292855	545259520	20800000	100000100000000000000000000000	95fbac2632e9166f4f0370579de55d42ed0ed77a521ed77204c4004943147640	4188461124	387067068	15486913440293	00000000000000000000000000000000000000000d36214136f4d2e1f6002441	033875090444ef5c5e7669702f7777772e6f6b65782e636f6d2ffabe6d6db0825f2b454373fac6fbbdf7ed875e9b0a1ac78247d6c6e08a2009b433e54dcc020000004204cb9a2a316012164a9ae2be960000	2677	1513	4706	6285	615010394052	52615556	616260394052	52722496	15644794	1338.4482	14361.3	1.2286	4753.16	0.4066	199406.9770183	1250000000	106940.3828	1265644794	108278.8281	OKEX
619833	0000000000000000000a695e26cb0cbbfe716c1bcbc6cadce5f6a8a30d9cf481	2020-03-02 11:50:36	2020-03-02 11:05:35	1203369	930094	3993651	805298176	2fffe000	101111111111111110000000000000	3aabd29132c840a2e59208f44c951cb6c76a1dee7237cc7de24fe5d137e4b83e	2936063214	387067068	15486913440293	00000000000000000000000000000000000000000d362f5719041f1621ad5f4a	03397509040cf35c5e2f706f6f6c696e2e636f6d2ffabe6d6d7c2bceb6cef81046cf9d6a8fa4bbc19abcbff3af0c22462bd8226b2afb8718f20100000000000000b1d6671538327bd2568692dd8c5636bf119a6f9fee006e7d610000000000	2146	1179	6237	5273	569676516564	48737140	570926516564	48844080	19403951	1660.0527	16130.7	1.38	4860.73	0.4159	5620.2785050909	1250000000	106940.3828	1269403951	108600.4297	Poolin
619834	0000000000000000000e3503a82ce55a6cc67c758a03edee83360b70717fa6e4	2020-03-02 11:52:31	2020-03-02 11:14:56	1434545	852819	3993002	536870912	20000000	100000000000000000000000000000	2da17c5d8c156d8d1a6035aa0501a4c1def16e1bf23cf4934e421832c15a9f01	3854680737	387067068	15486913440293	00000000000000000000000000000000000000000d363d6cfb136b4a4d5a9a53	033a7509000456f35c5e0458ba9e3908ffea565e47af0b04092f426974667572792f	2327	1305	6859	5148	406049938520	34738508	407299938520	34845448	3934799	336.6311	2743.43	0.2347	985.677	0.0844	444683.87307302	1250000000	106940.3828	1253934799	107277.0156	BitFury
619835	00000000000000000009881af993f35f73e198c8f8908601e52637290fc6b4f2	2020-03-02 11:55:54	2020-03-02 11:19:46	672733	405407	1888954	549453824	20c00000	100000110000000000000000000000	dfa5b5d900b25190f8a4edf642b1ca9d6a215287895847cee442da7f93470f42	103343186	387067068	15486913440293	00000000000000000000000000000000000000000d364b82dd22b77e7907d55c	033b75090450f45c5e2f706f6f6c696e2e636f6d2ffabe6d6d725b232b0f1cc1732129bc07d4d52006167f0a3d57a16bbbeef18805e93680f40100000000000000535c6ba930713e5068f5f3534689860211f605f58b001571030000000000	1328	765	2892	2935	216742896170	18542854	217992896170	18649794	6476979	554.1205	9633.46	0.8241	3431.52	0.2936	78433.626281495	1250000000	106940.3828	1256476979	107494.5	Poolin
619836	0000000000000000000aaae641e001dc9b1fec85e09408d02d6891a595f8a383	2020-03-02 11:58:28	2020-03-02 11:25:04	371615	254281	1134458	1073733632	3fffe000	111111111111111110000000000000	04922bb5cdee5fe664f5a73c46103e9c8c4e6c09e21148f776e4b92018435a3a	92213161	387067068	15486913440293	00000000000000000000000000000000000000000d365998bf3203b2a4b51065	033c75092cfabe6d6deb34228ba5e30361a8ac2c66f9e0db9514616beea1600dfbde0e3d5730ae91c910000000f09f909f000f4d696e6564206279207375636f7269000000000000000000000000000000000000000000000000000000000500bba51000	828	516	1745	1812	163513327822	13988942	164763327822	14095882	2859541	244.6403	7704.44	0.6591	2524.48	0.2159	3411.8537440822	1250000000	106940.3828	1252859541	107185.0234	F2Pool
619837	00000000000000000007efc8015b0486afb7c24525b1f7226236a7214f9ee6c5	2020-03-02 12:01:53	2020-03-02 11:34:28	914842	671219	2928499	1073725440	3fffc000	111111111111111100000000000000	55ed0831e6bd3e7094008853716705047d08602fd805828884540fbbc61dc2ad	3800621363	387067068	15486913440293	00000000000000000000000000000000000000000d3667aea1414fe6d0624b6e	033d750904b2f55c5e434e2f54543232fabe6d6da504a77fa80d8bb1132f8169a2785dc4d1091438b959234f4687bfaf9992c3aa020000004204cb9a8323533965fb7a5d7f071900	1074	593	4555	3202	331901058773	28394900	333151058773	28501840	7533807	644.5345	8238.41	0.7048	2573.78	0.2202	2835.0017603122	1250000000	106940.3828	1257533807	107584.9141	Unknown
619838	0000000000000000000acd963402385e8b858d5c5955e38fdfc194d69257e4de	2020-03-02 12:29:58	2020-03-02 11:50:36	1295991	899063	3993180	541065216	20400000	100000010000000000000000000000	0b35e710339b3ec88b96d4af129bd361550a2e09a15fb1d0e237f5f5ff021e11	956792852	387067068	15486913440293	00000000000000000000000000000000000000000d3675c483509c1afc0f8677	033e75090446fc5c5e2f4254432e434f4d2f42697444656572fabe6d6ddb2fed51eaba1eefa2ecd426c81ce8ecb66bb4e75fa310067f3c4199a7be615f0800000016ed744803000a002857650500000000	3174	1695	5789	8072	968269015862	82837648	969519015862	82944584	34426546	2945.2703	26570.6	2.2732	8623.94	0.7378	29651.857404206	1250000000	106940.3828	1284426546	109885.6484	BTC.com
619839	0000000000000000000d46be8a01c0cb934eec1a6374a0735b5265a7ae324feb	2020-03-02 12:36:24	2020-03-02 11:52:31	1254320	913043	3993449	541065216	20400000	100000010000000000000000000000	430f8836b3b59d12db303321971a4673861740be26b6da9e049a1873116821ce	1760370466	387067068	15486913440293	00000000000000000000000000000000000000000d3683da655fe84f27bcc180	033f750904c9fd5c5e652f4254432e434f4d2ffabe6d6d95487be8fdd85b686784f0b21cb33d8d890178d3907538bab3135930486ae10208000000ceeed33d3b76357b0000216b19040000	2617	1591	6057	6174	565005780329	48337548	566255780329	48444488	11620035	994.1208	9267.13	0.7928	2910.93	0.249	22529.35126831	1250000000	106940.3828	1261620035	107934.5	BTC.com
619840	0000000000000000000bc37aca8f0cc9a9ba35623e526396247d5bf1559ab399	2020-03-02 12:57:14	2020-03-02 11:55:54	1319489	891250	3993239	536928256	2000e000	100000000000001110000000000000	384297319248c3f037d316b65c88e4124a90401afc53a744008b3e9836102226	837746748	387067068	15486913440293	00000000000000000000000000000000000000000d3691f0476f34835369fc89	0340750904a8025d5e2f706f6f6c696e2e636f6d2ffabe6d6df458db2e48189a98436ff5ead151e17636187a65aab2d6f2b8e8182ce8e6f78d01000000000000006a3e04638bc19775389d760df71db2ce10973e5dee00311d010000000000	3086	1754	6231	7491	1286594545257	110071128	1287844545257	110178072	22487358	1923.8453	17047.5	1.4585	5633.41	0.4819	36332.902606661	1250000000	106940.3828	1272487358	108864.2266	Poolin
619841	0000000000000000000c5e421885ecb1407fa4037b1c344106ac7bb419aa3da3	2020-03-02 13:08:06	2020-03-02 11:58:28	1327397	888682	3993443	541065216	20400000	100000010000000000000000000000	e0a0a30afc65ef9437b5e095d391f6cc62314a22ff7e3bcc68a2814b99077142	478010614	387067068	15486913440293	00000000000000000000000000000000000000000d36a006297e80b77f173792	03417509043a055d5e2f706f6f6c696e2e636f6d2ffabe6d6dab0d84b52d28ecf52b3956fdc10a6b72c45206942232861207ed566c7f3c361c0100000000000000e4f7c24a3e214d6434d280aed04aacf30fe084d742004b4b000000000000	3131	1623	5853	7348	793603457727	67894608	794853457727	68001544	17372065	1486.2202	13091.7	1.1201	4351.97	0.3723	22218.145655736	1250000000	106940.3828	1267372065	108426.6016	Poolin
619842	0000000000000000000a4fc85933612709850b616aa3f14582a6a4916396bbf1	2020-03-02 13:13:03	2020-03-02 12:01:53	1014011	993117	3993362	1073733632	3fffe000	111111111111111110000000000000	9e148dd5595a674223c98a47ad2ee6d2a1dc55df79456b8cefb6b1c53353338d	3288447294	387067068	15486913440293	00000000000000000000000000000000000000000d36ae1c0b8dccebaac4729b	0342750941d7974198ea943641d7974197c9867c2f48756f62692ffabe6d6dcc6740973b235fb0000570dabadb93c2771a38d8eb45f2acfbab2f48e4be68b88000000000000000ca00240710df050000000000	1087	117	2036	1822	139768812734	11957544	141018812734	12064484	42922754	3672.1406	42345.6	3.6228	10752.3	0.9199	1408.1866011251	1250000000	106940.3828	1292922754	110612.5234	Huobi
619843	00000000000000000009b926b7e763414566868005c1f5f56b666b88c46269af	2020-03-02 13:13:51	2020-03-02 12:29:58	1203101	930109	3993428	536870912	20000000	100000000000000000000000000000	3b48f9dd44ce10b72d45d330f476372a2623d464d41c68bb1bf38d782646a1b1	666145504	387067068	15486913440293	00000000000000000000000000000000000000000d36bc31ed9d191fd671ada4	034375090490065d5e2f706f6f6c696e2e636f6d2ffabe6d6d4f9ea90182199ce9a6593d08615819d4d25ca76982fffbde6edaec704c2cac5901000000000000006fb022032932e14438bbc4f34850c49a103862941e0010ac55d500000000	1393	598	3266	2674	143119343944	12244190	144369343944	12351130	12125215	1037.3401	10081.6	0.8625	3037.4	0.2598	4356.7155349536	1250000000	106940.3828	1262125215	107977.7188	Poolin
619844	00000000000000000001bbd7dd55f9676316132c5d30c72f0922c53e7bf70120	2020-03-02 13:41:07	2020-03-02 12:36:24	1072922	975174	3998444	536870912	20000000	100000000000000000000000000000	1baac35e8bf7210cfead739e15a87650d7c861ca80b10014c005b4e061fcd9bb	85399823	387067068	15486913440293	00000000000000000000000000000000000000000d36ca47cfac6554021ee8ad	034475092cfabe6d6d19e74bbe7c04e761f0f109e068cf31220ca59bc4f6a52356b7bfaf472cbd26d510000000f09f909f00104d696e6564206279206a6a6b793330300000000000000000000000000000000000000000000000000000000500c59c0300	1894	487	3530	4446	969679983833	82958360	970929983833	83065296	66197237	5663.3262	61724.6	5.2807	16562.9	1.417	82286.403543249	1250000000	106940.3828	1316197237	112603.7109	F2Pool
619845	0000000000000000000b75f0d70f15e2bec1371aad4264dd058e3967066a2eb1	2020-03-02 14:07:00	2020-03-02 12:57:14	1278344	905059	3993521	1073733632	3fffe000	111111111111111110000000000000	1f6ec950c160662d567bf463e05025fa76a93567d519919a222760a59b2184ef	1022277784	387067068	15486913440293	00000000000000000000000000000000000000000d36d85db1bbb1882dcc23b6	034575090404135d5e2f706f6f6c696e2e636f6d2ffabe6d6d1219924f9019a7d31f788af3ef6d1664908623306407b17c4b3ff3370a45c1b10100000000000000abd73960ff281b4a734781ca73bfbc2b10d4bae9ea001d4c010000000000	2518	1122	5640	7217	1341081957089	114732656	1342331957089	114839592	35267670	3017.2305	27598.2	2.3611	8834.92	0.7559	15812.276889779	1250000000	106940.3828	1285267670	109957.6094	Poolin
619846	0000000000000000000bd5bcf0c5624fca73076368e0b24d7809bece093a1b24	2020-03-02 14:26:04	2020-03-02 13:08:06	1298835	898171	3993348	541065216	20400000	100000010000000000000000000000	348e51ccb9cfe9c1434455c03b9f6ee819c5bd6f57c48e308519784cf3b31da1	1303931270	387067068	15486913440293	00000000000000000000000000000000000000000d36e67393cafdbc59795ebf	03467509fabe6d6d697b8f3cb78629e4a3eb0637ec18b6df6386d63800147d9690704de58ec8f4f701000000000000002b65070a681faf284800004548372f736c7573682f	2351	1207	4522	6662	975285784274	83437944	976535784274	83544888	28001644	2395.6052	21565.2	1.8449	7014.5	0.6001	54489.94341749	1250000000	106940.3828	1278001644	109335.9844	SlushPool
619847	00000000000000000005ec242e4c55918f237b16a2f90e5a45a7b9b0c960f45c	2020-03-02 14:38:13	2020-03-02 13:13:03	1341734	883862	3993320	1073733632	3fffe000	111111111111111110000000000000	93f581e3d2992de8f129b6d6e8d266338fe3a54c14b031a5f3e844e3937b3ff9	1244600634	387067068	15486913440293	00000000000000000000000000000000000000000d36f48975da49f0852699c8	0347750941d7974695915d3241d79746955fec842f4254432e544f502ffabe6d6dea6b180c7fa3450630d5dbcbabb147c5a85d967ea67a8929d2d732d931424bc28000000000000000d00084728f55530000000000	2591	1335	5954	7039	834304334096	71376656	835554334096	71483600	30711003	2627.397	22895.6	1.9588	7693.34	0.6582	17830.295141114	1250000000	106940.3828	1280711003	109567.7812	BTC.TOP
619848	00000000000000000001ce49ee41cfc38b6ed9b9dde91475cd0d5cd224cabb6b	2020-03-02 14:41:58	2020-03-02 13:13:51	1350318	881027	3993399	536928256	2000e000	100000000000001110000000000000	68be869304f02b85b84a99cc8249a8c7f8aa7f688b7d0382f454bdd246e38a26	1098879564	387067068	15486913440293	00000000000000000000000000000000000000000d37029f57e99624b0d3d4d1	0348750904231b5d5e535a30322f4254432e434f4d2ffabe6d6d06ef63dcc2e06ed1efac4f268449e418307706ff7f18e67d4362061334d2b5a0080000007296cd10812cafada744000000000000	3363	1986	6168	7664	1126379912335	96364400	1127629912335	96471336	18505110	1583.1548	13708.6	1.1728	4635.77	0.3966	46199.413969006	1250000000	106940.3828	1268505110	108523.5391	BTC.com
619849	0000000000000000000f6a42ac5c577a9ae592cac5ec5881f9168942831185f2	2020-03-02 14:42:44	2020-03-02 13:41:07	1205394	929252	3993150	545259520	20800000	100000100000000000000000000000	9f9f399253cc068127a4fd7bd2b16a2d7892bdeb0a50cd88cdb8cd1dbefd6cb6	71092861	387067068	15486913440293	00000000000000000000000000000000000000000d3710b539f8e258dc810fda	0349750904651b5d5e652f4254432e434f4d2ffabe6d6d5a0b10938817d9afe998b004da064fe99f7f4acf300ddcd3dc0291c9eb5cc6c208000000ceeed33d3fbd5609360b010000000000	2454	797	6040	5190	215876116520	18468700	217126116520	18575640	12800366	1095.1008	10623	0.9088	3206.85	0.2744	127009.80956958	1250000000	106940.3828	1262800366	108035.4844	BTC.com
619850	000000000000000000001660039fef6d270ca5d75b72496df89773bbbc7b5b6c	2020-03-02 14:51:26	2020-03-02 14:07:00	1430433	854330	3993423	536870912	20000000	100000000000000000000000000000	ed8cb4da9fb066dbee509fb7c21643f5ac5051750ae84ab87385736ee7961866	657827136	387067068	15486913440293	00000000000000000000000000000000000000000d371ecb1c082e8d082e4ae3	034a75091d2f5669614254432f4d696e65642062792070757370616e617468616e2f2cfabe6d6dbb35404be224819b773b9dba564391fab4e5dd582a176ee9ee100a80f4d67433100000000000000010bbccfc08bb28206fac97485b7d420000	2476	1470	7258	6004	1006921039724	86144416	1008171039724	86251352	25189140	2154.989	17614.4	1.5069	6310.01	0.5398	810026.36767665	1250000000	106940.3828	1275189140	109095.3672	ViaBTC
619851	0000000000000000000f600f13ba0087cca172602a5d8e65d4e7063dfc409bd0	2020-03-02 14:56:12	2020-03-02 14:26:04	1353689	879887	3993350	536870912	20000000	100000000000000000000000000000	bf629e10ca54db55249c1e615f747613fedb510878f35429b581ec94bfbac618	2452689672	387067068	15486913440293	00000000000000000000000000000000000000000d372ce0fe177ac133db85ec	034b7509048d1e5d5e7669702f7777772e6f6b65782e636f6d2ffabe6d6dcd9e17f3a23714bda703c3daf518b51c356e56497bb7ac145d167b1857cee258020000004204cb9a1b706e91c8c2551500000000	2225	1062	7311	4846	316488173859	27076292	317738173859	27183234	17719560	1515.9492	13093.5	1.1201	4438.83	0.3798	5836.7236662551	1250000000	106940.3828	1267719560	108456.3281	OKEX
619852	0000000000000000000e7c97919121ade3b5fcf76ee4fdc71546016a15833838	2020-03-02 15:12:49	2020-03-02 14:38:13	1214493	926341	3993516	536879104	20002000	100000000000000010000000000000	74497faa825c9aed4d2df41c024d9391005cdb3cda6066145e96233ea24bca17	3816040226	387067068	15486913440293	00000000000000000000000000000000000000000d373af6e026c6f55f88c0f5	034c75090471225d5e312f537069646572506f6f6cfabe6d6d5fc355c48e9b393844cf5a63d7305e5f8d13982bd1b05797947d52924ac02185080000006c0725580c359536cc68720000000000	1990	1035	5930	5584	744637518864	63705456	745887518864	63812396	28572391	2444.4338	23534.4	2.0134	7157.55	0.6124	15661.120920177	1250000000	106940.3828	1278572391	109384.8125	Unknown
619853	00000000000000000011ee475f79ca4d180bd63468689704df81c0b3d9b621e8	2020-03-02 15:28:21	2020-03-02 14:41:58	1258728	911553	3993387	1073733632	3fffe000	111111111111111110000000000000	5e1dfaaf7463c175de1fac391004f7c9370acf4d09a2f87a7cf9b2538f9b7325	3296914081	387067068	15486913440293	00000000000000000000000000000000000000000d37490cc23613298b35fbfe	034d75090416265d5e7669702f7777772e6f6b65782e636f6d2ffabe6d6d3370b76bfb3747caa5ab0190cca74d8bdae1f1f8d95f2f2016cd1caf0ae0de44020000004204cb9a2987ff8e8bce540000000000	2761	1750	5856	6874	965145729536	82570440	966395729536	82677384	26281817	2248.47	20885.9	1.7868	6583.65	0.5633	7371.3448537529	1250000000	106940.3828	1276281817	109188.8516	OKEX
619854	00000000000000000011c3e8b3ba9c232c5b7afe9a198a0172adcb3cbac75231	2020-03-02 15:35:30	2020-03-02 14:42:44	1291132	900778	3993466	1073733632	3fffe000	111111111111111110000000000000	b053614291561e634ea39c3e04e8537522484ced9f1d2eaff5420f796eb60b36	2725369705	387067068	15486913440293	00000000000000000000000000000000000000000d375722a4455f5db6e33707	034e750904c0275d5e2f706f6f6c696e2e636f6d2ffabe6d6d69f6415c9530d00253c0853e84bba0ea07ffa2dd1db4575173b966c686eafa9e010000000000000051bf2ad74af345dbe642154b2658931612f2410728007e000100ffffffff	2597	1603	6369	6072	869059242085	74350024	870309242085	74456960	25679606	2196.9495	19896.1	1.7021	6433.1	0.5504	5808.986355375	1250000000	106940.3828	1275679606	109137.3281	Poolin
619855	0000000000000000000035d687190cc6e2813f73ba135574a6522e0c0ccb687d	2020-03-02 16:00:18	2020-03-02 14:51:26	1222718	925288	3998582	536870912	20000000	100000000000000000000000000000	45086e001e2c17117be2442bf4aca169d32c22cda4836ca9fa7814945243c762	308946774	387067068	15486913440293	00000000000000000000000000000000000000000d3765388654ab91e2907210	034f75092cfabe6d6def445bd87a0201c7b261051a809a63512195ab7a71b310fc8f07a8e41fe19ef810000000f09f909f000f4d696e65642062792077746f697432000000000000000000000000000000000000000000000000000000000500d9f7c800	2436	1091	5728	6813	656988129182	56206848	658238129182	56313788	38860483	3324.604	31794	2.72	9722.78	0.8318	63879.779511893	1250000000	106940.3828	1288860483	110264.9844	F2Pool
619856	000000000000000000031b2fb96effb1ca55a81ac0cdae5b5ba060d16c50f794	2020-03-02 16:02:50	2020-03-02 14:56:12	1384245	871478	3998679	1073733632	3fffe000	111111111111111110000000000000	049b6faa29dea19cc989d283b09b9d4b5e80d7a32f8b8768f274040c17788ead	3014590329	387067068	15486913440293	00000000000000000000000000000000000000000d37734e6863f7c60e3dad19	035075092cfabe6d6db842dff67a21647045ee6a8bf2ea9d522e86a735f3092055059ef9229c40d16d10000000f09f909f00104d696e6564206279207a71627463303200000000000000000000000000000000000000000000000000000005003f330000	3324	1918	6410	7131	1197737582260	102469208	1198987582260	102576152	18589515	1590.3759	13433.8	1.1493	4650.93	0.3979	101187.52484032	1250000000	106940.3828	1268589515	108530.7578	F2Pool
619857	0000000000000000000152d4366769f23aadee7645337087d29de9963040b96e	2020-03-02 16:11:41	2020-03-02 15:12:49	1266840	910506	3998358	1073676288	3fff0000	111111111111110000000000000000	5ae23441ad876c2aeea9838d38870b9d2786015c93ac0edccb534342c3be0da9	248915543	387067068	15486913440293	00000000000000000000000000000000000000000d3781644a7343fa39eae822	035175092cfabe6d6d3ddffa6747652695efd839e4f179e57d70f12f9b3c34c7c86efe8d5a36c1886210000000f09f909f00104d696e656420627920686d613130343700000000000000000000000000000000000000000000000000000005005d320000	2594	1454	6167	6319	595897775561	50980428	597147775561	51087368	37892918	3241.8264	29922.2	2.5599	9481.23	0.8111	20468.094137615	1250000000	106940.3828	1287892918	110182.2109	F2Pool
619858	00000000000000000002985b33a2fbce43523a35f8999160780398c5f32f0399	2020-03-02 16:20:58	2020-03-02 15:28:21	1320993	890892	3993669	1073733632	3fffe000	111111111111111110000000000000	f21f232cb71da495e3df2dee6d5dcd7a7583ae03a8b3bb6ab030d2db353dd879	3703148649	387067068	15486913440293	00000000000000000000000000000000000000000d378f7a2c82902e6598232b	035275090468325d5e2f706f6f6c696e2e636f6d2ffabe6d6dfd95f66f7b096c074ebaaf13ac783888a472d3970a7034cf00f6ff885f5a88860100000000000000d21e75734b861db013eb4cf6a6c8dc2e0fdf149a0e00b423000000000000	2631	1432	6335	6496	909830826317	77838128	911080826317	77945064	34777216	2975.271	26335.4	2.253	8711.73	0.7453	5487025.9012502	1250000000	106940.3828	1284777216	109915.6484	Poolin
619859	00000000000000000009c2f034cabd8d32abe4d360127c7f1b3090ce0734a794	2020-03-02 16:22:57	2020-03-02 15:35:30	1173332	939792	3992708	541065216	20400000	100000010000000000000000000000	7c5f499b75055fa451cb52fe86b2c7877a023cd454ed1552e8dc098b1220d3ae	2304729206	387067068	15486913440293	00000000000000000000000000000000000000000d379d900e91dc6291455e34	0353750904e3325d5e2f706f6f6c696e2e636f6d2fd5883b4eadf662094628d1a8afe448fb0f9f9d14e100c370000000000000	3018	1073	5871	5898	330152788669	28245332	331402788669	28352272	15061114	1288.5131	12839.5	1.0984	3773.19	0.3228	24944.648053448	1250000000	106940.3828	1265061114	108228.8906	Poolin
619860	000000000000000000065ca373ff5d3cc292d38873edc4413d2eed64ffaae895	2020-03-02 16:51:48	2020-03-02 16:00:18	1309328	894750	3993578	1073733632	3fffe000	111111111111111110000000000000	ac121d0ba616c2d36a50012a7cb65c035b03d18a47c48e1fed6132f9c86e67de	1303209813	387067068	15486913440293	00000000000000000000000000000000000000000d37aba5f0a12896bcf2993d	0354750904a2395d5e2f706f6f6c696e2e636f6d2ffabe6d6d3f2569dab42618bc5d108b5f8e58d05cb0fdea87c62c83f29cbec9d30d207a39010000000000000051bf2ad74af345dbe642154b2658931612c4eadc8500c80e0400ffffffff	2869	1520	6053	7207	917377719651	78483776	918627719651	78590720	39313774	3363.384	30036.1	2.5696	9848.37	0.8425	25679.676807386	1250000000	106940.3828	1289313774	110303.7656	Poolin
619861	0000000000000000000c5fd507d088a9a2dba20ddd80d86e7d3a7b844ecec8bf	2020-03-02 16:56:43	2020-03-02 16:02:50	1456441	845692	3993517	536870912	20000000	100000000000000000000000000000	d38c0fd676a239f3fb1896f18410a0204828f77804ee63778123ddb01b11523f	839145351	387067068	15486913440293	00000000000000000000000000000000000000000d37b9bbd2b074cae89fd446	0355750904cc3a5d5e626a30332f4254432e434f4d2ffabe6d6d5569b5013bc09e1a03633d6bd2ca77e51b18af82f3db187ae3f454a8deebff6b080000007296cd10d623aa4f8817000000000000	2860	1954	6378	7327	999993330330	85551736	1001243330330	85658672	22504297	1925.2944	15456.1	1.3223	5637.46	0.4823	69416.837790013	1250000000	106940.3828	1272504297	108865.6719	BTC.com
619862	000000000000000000114df57f7a42e2e597b2219b02f23ce53901e72b9765c1	2020-03-02 16:59:49	2020-03-02 16:11:41	1273320	906625	3993195	536870912	20000000	100000000000000000000000000000	0490e1c69ba2533fceb95813e7b9cecaec0994b7863652ef8f06261f3ab3a543	1984762032	387067068	15486913440293	00000000000000000000000000000000000000000d37c7d1b4bfc0ff144d0f4f	03567509172f5669614254432f4d696e65642062792073733738382f2cfabe6d6dd267069e4855f2c3726d11ca7d57124ba53f8e5d2052d278312f4cb6b914d852100000000000000010c1aaf40110274181a2d02549ed2a0000	2758	1108	6141	5830	436723311964	37362684	437973311964	37469628	18696272	1599.5092	14687.6	1.2566	4683.75	0.4007	43390.157753598	1250000000	106940.3828	1268696272	108539.8906	ViaBTC
619863	00000000000000000009b47d9af97b861f1502a3477652035dbfb7b15899fc1a	2020-03-02 17:11:59	2020-03-02 16:20:58	1333753	886637	3993664	536870912	20000000	100000000000000000000000000000	21fc517608eabb2baed89be1169425490aa46fcce6f1665c37251446cf65dcd1	2506958624	387067068	15486913440293	00000000000000000000000000000000000000000d37d5e796cf0d333ffa4a58	0357750904543e5d5e2f706f6f6c696e2e636f6d2ffabe6d6d0a81acdfc1f1de128383648fc34d6b05866e90c51c9fda57a6efd24eefb50f00010000000000000051bf2ad74af345dbe642154b2658931612b301414b007b970100ffffffff	3221	1913	6077	7582	975998669234	83498936	977248669234	83605872	26636090	2278.7788	19977.4	1.7091	6672.38	0.5708	7220.2779699147	1250000000	106940.3828	1276636090	109219.1562	Poolin
619864	00000000000000000000e93e4fc9ccfdd25630cedb30a4202eec9a981b75bb54	2020-03-02 17:14:11	2020-03-02 16:22:57	1192280	933668	3993284	541065216	20400000	100000010000000000000000000000	40b2d8a93923ca803390dc267a7b7d72462dd2b307a8b0445da909025d3f5132	2931063356	387067068	15486913440293	00000000000000000000000000000000000000000d37e3fd78de59676ba78561	03587509fabe6d6d7c32d67e43927de90ee7b8caec9e21d5aa25693a6b2c358bcaedeab8b1dd0e0e01000000000000000165050ad7228486a00000cd7d262f736c7573682f	2897	1047	5807	6143	163487317947	13986717	164737317947	14093657	15078857	1290.031	12651	1.0823	3777.36	0.3231	25494.382566206	1250000000	106940.3828	1265078857	108230.4141	SlushPool
619865	0000000000000000000c4202eb01fac2071921a46c450982e57949a675a29be9	2020-03-02 17:26:53	2020-03-02 16:51:48	1312471	893601	3993274	536879104	20002000	100000000000000010000000000000	811db01c7e0cbd2bc1a938ea3a68bc9159793eedc341dc0bab7e751511270f1f	1708721083	387067068	15486913440293	00000000000000000000000000000000000000000d37f2135aeda59b9754c06a	0359750904de415d5e7669702f7777772e6f6b65782e636f6d2ffabe6d6de7c8907a2b2bae7be956134d8d8d729b04dffae048931b83ad2a19721ef2a150020000004204cb9a1b554e9f01f138154b274500	3296	1817	6063	7435	555789743609	47549092	557039743609	47656032	24621757	2106.448	18765.3	1.6054	6167.98	0.5277	23806.407058524	1250000000	106940.3828	1274621757	109046.8281	OKEX
619866	00000000000000000005de7c761d4c28da0a7593b44a622be1bc9a9c70792611	2020-03-02 17:37:31	2020-03-02 16:56:43	1265402	909288	3993266	549453824	20c00000	100000110000000000000000000000	c4e881dc506332bcaafefaeaab675444f400fcfc988735f5ccb99b43ced07756	4044200734	387067068	15486913440293	00000000000000000000000000000000000000000d3800293cfcf1cfc301fb73	035a75091a4d696e656420627920416e74506f6f6c320000d30120106dd091fabe6d6d90a1fc6737cf7c91ff705d1e4faaa9cd75c58c236d40ad2c339dae25a2801bae040000000000000002470a00e30b0400	2650	1453	6186	6252	608198192546	52032756	609448192546	52139696	23913971	2045.8954	18904	1.6173	5990.7	0.5125	16091.367823867	1250000000	106940.3828	1273913971	108986.2734	AntPool
619867	00000000000000000001197ccfa0d61d91f0f8733fd995bccb251dd6f28f9abd	2020-03-02 17:41:16	2020-03-02 16:59:49	1185879	937519	3998436	536870912	20000000	100000000000000000000000000000	4a1e59846b621168acd9f7810556780cba7a014f9ccc82bb5bec2114b3e0c501	244465	387067068	15486913440293	00000000000000000000000000000000000000000d380e3f1f0c3e03eeaf367c	035b75092cfabe6d6d75128fc167b0bee967c06688cafc07ce82c6f634b73309f6304d45751e53661810000000f09f909f00124d696e6564206279207a68616e6779693939000000000000000000000000000000000000000000000000000500190b1800	2666	893	5949	5766	387279191704	33132628	388529191704	33239568	15611545	1335.6036	13169.6	1.1267	3906.1	0.3342	17725.545387996	1250000000	106940.3828	1265611545	108275.9844	F2Pool
619868	0000000000000000000783dbbfee83a41db949df9d48184d8152b3173971f57c	2020-03-02 17:46:14	2020-03-02 17:11:59	1202026	930395	3993211	536870912	20000000	100000000000000000000000000000	a505af31a2d89e888ca05488ed7ff67e05f7bd870cc395c762c88c21824ba4f9	2536964345	387067068	15486913440293	00000000000000000000000000000000000000000d381c55011b8a381a5c7185	035c75090466465d5e455530322f4254432e434f4d2ffabe6d6df9830f119951d75409533c22e8ffa5e7225feb16a0ec9b8e8b8ed4ce1f30aca908000000ceeed33d37dd60c30000fe44c3bc0100	2493	1136	6063	5666	577091836071	49371536	578341836071	49478476	17014136	1455.5985	14159.6	1.2114	4262.46	0.3646	10193.385848419	1250000000	106940.3828	1267014136	108395.9766	BTC.com
619869	000000000000000000004b00be9aff7524570b2a7d9bd7fc823422ed7dc5f12d	2020-03-02 17:48:43	2020-03-02 17:14:11	1214601	927958	3998475	1073725440	3fffc000	111111111111111100000000000000	7d2e92b654e685d411afad14ddbdc1b741ddb81fb082a995d25167d8adf69681	2288796006	387067068	15486913440293	00000000000000000000000000000000000000000d382a6ae32ad66c4609ac8e	035d75092cfabe6d6d4ce15eef79d428f32d63b339cbf09e0b60e7e7a58e532c374c4ded77f5c2b7bb10000000f09f909f000e4d696e656420627920676131323300000000000000000000000000000000000000000000000000000000000500f2170500	2458	707	6284	5199	195449624227	16721166	196699624227	16828106	14775242	1264.056	12169.3	1.0411	3696.82	0.3163	7065.1807253642	1250000000	106940.3828	1264775242	108204.4375	F2Pool
619870	00000000000000000006f4e6fb192cc2e67cb0254d1f6bbff405c695424bc186	2020-03-02 18:02:10	2020-03-02 17:26:53	1344013	883116	3993361	536870912	20000000	100000000000000000000000000000	1e81bf750c9694f26c5b742f7d8085b5dcbdfc21157f94418b604bb88331d047	2623419913	387067068	15486913440293	00000000000000000000000000000000000000000d383880c53a22a071b6e797	035e750941d7975288d7d05141d797528843d1182f4254432e544f502ffabe6d6d2cd2272702c5b64dcfc1a4388f34f36e3d9e8d68c0d8f1d74ddc5ed4d6ff8a8e8000000000000000b900139fa651180100000000	2933	1744	6171	7105	868155174778	74272680	869405174778	74379616	25443222	2176.7263	18936.2	1.62	6373.65	0.5453	284090.62942901	1250000000	106940.3828	1275443222	109117.1094	BTC.TOP
619871	000000000000000000024357e3c4aaaede9bb4d901007e68333500a01ddfd1a0	2020-03-02 18:18:17	2020-03-02 17:37:31	1312621	893492	3993097	545259520	20800000	100000100000000000000000000000	d3f11e80e1bf642e189b09cf365da3ff0807994adb262f4d04ae39b55ed899d6	3894149669	387067068	15486913440293	00000000000000000000000000000000000000000d384696a7496ed49d6422a0	035f750904ea4d5d5e636430312f62797465706f6f6c2e636f6d2ffabe6d6d79db3f25b308a0327daa3c237a06bdbae0d08563d076a547f705c20c11422254020000004204cb9a208b2f462b3d000000000000	3344	1876	5924	7890	754369282600	64538032	755619282600	64644972	25912033	2216.8342	19746.4	1.6893	6491.5	0.5553	61771.972006625	1250000000	106940.3828	1275912033	109157.2188	bytepool.com
619872	000000000000000000039a88c7629707304d2ed7cea36690e0e18af9dbab097f	2020-03-02 18:24:40	2020-03-02 17:41:16	1203923	929808	3993347	536870912	20000000	100000000000000000000000000000	b3675b2d96da6a84cd7b7dc4f1791950c8dec90cc55291b7679ce1920412a13b	3156228992	387067068	15486913440293	00000000000000000000000000000000000000000d3854ac8958bb08c9115da9	036075091c2f5669614254432f4d696e6564206279206c696562616f353830302f2cfabe6d6d7be3dd8f47b326aef24be674642fcaf4956011f455f7a295eea590d0b03b2ef5100000000000000010bec5e40c786467970097d8f3e4290000	2718	1108	5942	6062	386399298501	33057350	387649298501	33164290	17253638	1476.0885	14335.9	1.2265	4322.2	0.3698	22203.020088699	1250000000	106940.3828	1267253638	108416.4688	ViaBTC
619873	0000000000000000000cda87f65107efc3a8af98b2e72977c2f8d4e74e5dd261	2020-03-02 18:41:57	2020-03-02 17:46:14	1358635	878272	3993451	939515904	37ffe000	110111111111111110000000000000	7db4458fe87d5ae038f9dd9af4fc6fccb5c5a935364c8dc263c24f770afb6ae2	657548325	387067068	15486913440293	00000000000000000000000000000000000000000d3862c26b68073cf4be98b2	036175090478535d5e2f706f6f6c696e2e636f6d2ffabe6d6d6d9594b5a6d4b02de1d94b110b44f2cb40fe7a4bd5d7b74688b7d7c75b92010401000000000000001ee21cdd202ff64dc47ef882062977b7100ff3af0100f5646b00ffffffff	2995	1784	6056	7642	1003762309708	85874176	1005012309708	85981120	29687985	2539.8755	21857.6	1.87	7436.88	0.6363	18776.56798524	1250000000	106940.3828	1279687985	109480.2578	Poolin
619874	0000000000000000000cdf7433fd60c6d27de0745e6d7bad0dc4cfd528db2d8e	2020-03-02 18:47:42	2020-03-02 17:48:43	1207841	928439	3993158	1073676288	3fff0000	111111111111110000000000000000	2e264aae25317ea9127d7273b1f7b288fdcbd4cecfb5279a8e34c2e75d804686	1145586622	387067068	15486913440293	00000000000000000000000000000000000000000d3870d84d775371206bd3bb	03627509fabe6d6d5879491d85761e6c47d1af4266e4331e25e713b1050a92da80a9d26f978126da01000000000000000b6507066dfda18a110000ffc7392f736c7573682f	3043	1159	5561	7613	314304702676	26889492	315554702676	26996432	16688621	1427.75	13821.2	1.1824	4180.75	0.3577	5622.9081059708	1250000000	106940.3828	1266688621	108368.1328	SlushPool
619875	00000000000000000005c533584904108f0ec0485fc4e5a6520ce519ad191d70	2020-03-02 18:47:45	2020-03-02 18:02:10	293	293	1172	1073733632	3fffe000	111111111111111110000000000000	ad6109515c5fd42f02931f8551a0d242a08dafd414250b3454ecc9a1b0e75bc3	366559891	387067068	15486913440293	00000000000000000000000000000000000000000d387eee2f869fa54c190ec4	0363750904bc545d5e7669702f7777772e6f6b65782e636f6d2ffabe6d6d8be5980a4ff4c9a82f3c4b108056d3a1859c8dc32ddc4efe2f34eb70e81e37d7020000004204cb9a2a3160121f3ca2725f010000	1	0	1	2	0	0	1250000000	106940.3828	0	0	0	0	0	0	0	1250000000	106940.3828	1250000000	106940.3828	OKEX
619876	00000000000000000004dad61bd1949ed1325622ef6326dac81ed7c49484f412	2020-03-02 19:13:57	2020-03-02 18:18:17	1340569	884353	3993628	549453824	20c00000	100000110000000000000000000000	9bbfd8c5ce5a9ae5022e2e5043068d47e8e958109819389a24e7e35ec5ade639	9046171	387067068	15486913440293	00000000000000000000000000000000000000000d388d041195ebd977c649cd	0364750904f85a5d5e2f706f6f6c696e2e636f6d2ffabe6d6d03493648ea00e7326566fbfff6456068e1aa093b0c57e7e5e4acc8d53bd6236801000000000000000896541f8917c4b30be3247d0cd20c2812c1f027a0007c93020000000000	2515	1215	6242	7089	669998649813	57319928	671248649813	57426868	31117615	2662.1836	23220	1.9865	7795.08	0.6669	7333.0448647487	1250000000	106940.3828	1281117615	109602.5625	Poolin
619877	0000000000000000000bda31d06c8c49a84ac3a48c6725d861ffe55667c8e10a	2020-03-02 19:33:29	2020-03-02 18:24:40	1367273	875364	3993365	549453824	20c00000	100000110000000000000000000000	bd9f7af1b55936ba32925c64ec8ceb42f4c2101e85060d19412b0f602562cc18	2799770831	387067068	15486913440293	00000000000000000000000000000000000000000d389b19f3a5380da37384d6	03657509048a5f5d5e45552f48756f42692ffabe6d6d7d72962717f1017b25ef782705a066ea0eea7af6c1817a7152be86a542c35b920800000090fed21802041da6b90259d601000000	2882	1601	6251	7101	1632095646719	139629552	1633345646719	139736480	27380713	2342.4832	20031.2	1.7137	6858.92	0.5868	3385032.3410731	1250000000	106940.3828	1277380713	109282.8672	Huobi
619878	0000000000000000001076008dd211636fb5dafd87d2fd2c62782bdaaabf4d56	2020-03-02 19:33:50	2020-03-02 18:41:57	1415924	859143	3993353	549453824	20c00000	100000110000000000000000000000	ffcb3df94efab318052ebedc87819b3c2341c6754233afba619159042d7a008f	1578904851	387067068	15486913440293	00000000000000000000000000000000000000000d38a92fd5b48441cf20bfdf	0366750904a25f5d5e45552f48756f42692ffabe6d6dcd3fc8d55d3047931ba80ea711860b10ef3762ee5ba19171f55a53904a1052cb0800000090fed21801144c0557b5000000000000	3093	1671	6801	6495	749178736353	64093968	750428736353	64200908	17269427	1477.4393	12199.8	1.0437	4326.04	0.3701	4660.1015679226	1250000000	106940.3828	1267269427	108417.8203	Huobi
619879	00000000000000000004dbe097485d7ef5b65eba9bf392c604b78d473b91adfb	2020-03-02 19:37:10	2020-03-02 18:47:42	1285835	902518	3993389	805298176	2fffe000	101111111111111110000000000000	f22afce3b7c71f96f76c10de27e0be96d1a0e5c0eaf6f26044358f6620fbcf87	2227977384	387067068	15486913440293	00000000000000000000000000000000000000000d38b745b7c3d075facdfae8	036775090468605d5e7669702f7777772e6f6b65782e636f6d2ffabe6d6d47d7b1aa89313add2622a0c060fb047f4d4c6c26041aa944a3627bd3c480d470020000004204cb9a1b837b502ca2160000000000	2883	1397	6529	5843	251974643331	21557012	253224643331	21663952	17330755	1482.686	13482.2	1.1534	4341.39	0.3714	33654.916603265	1250000000	106940.3828	1267330755	108423.0703	OKEX
619880	00000000000000000000e2bb38a4d79fd57cd7c6989f1593f5ed17e94450bca6	2020-03-02 19:38:06	2020-03-02 18:47:45	1205893	929108	3993217	536870912	20000000	100000000000000000000000000000	f0a923e69f16e7e960e821ed83e7082d9b30cbf96bcbfa1b1bb19c83dc619ead	823123056	387067068	15486913440293	00000000000000000000000000000000000000000d38c55b99d31caa267b35f1	03687509fabe6d6d326aba22885bed6f4675e4fcd5af79762c76d400df202f31ab1d3278beaadb8801000000000000000165080a4d2c0253070100ba80262f736c7573682f	2878	1155	5535	7195	296003683801	25323798	297253683801	25430738	11782710	1008.038	9773.96	0.8362	2951.7	0.2526	10736.881211063	1250000000	106940.3828	1261782710	107948.4219	SlushPool
619881	00000000000000000007b792bb617a2ed4291f35a33f1a32d9cd4319e373b08e	2020-03-02 19:39:30	2020-03-02 19:13:57	1509174	827945	3993009	541065216	20400000	100000010000000000000000000000	a004ad98881054878e50c5cce78246a70f11d0dd03e5c71bf89c62a931782449	1465505175	387067068	15486913440293	00000000000000000000000000000000000000000d38d3717be268de522870fa	036975091b4d696e656420627920416e74506f6f6c313139000065203c0df1b9fabe6d6d13fbc96a20fce06742482be60a7a4d1ffd31c357660d90e6b666446115fd7c6b0400000000000000ddd100405a5cc100	1414	862	8062	3177	226003876457	19335152	227253876457	19442092	11006669	941.6459	7295.02	0.6241	2757.47	0.2359	9358.4761864545	1250000000	106940.3828	1261006669	107882.0234	AntPool
619882	00000000000000000001d1f520def7c20d91df76d266b744ffb6789321280a7b	2020-03-02 19:46:54	2020-03-02 19:33:29	1397088	865436	3993396	549453824	20c00000	100000110000000000000000000000	ad3f801fdc9c6c5b5c2481897ddc65d4b43f9b4e2c3fe565c33e4a1a55d75694	4032037516	387067068	15486913440293	00000000000000000000000000000000000000000d38e1875df1b5127dd5ac03	036a75091b4d696e656420627920416e74506f6f6c3931ab00f100203eb33bc8fabe6d6db6c6b6681a266e38d2a8b834b3be67e375bb5b5693467b72a97652e3cf0fee770400000000000000d3c50000b49b0000	2847	1414	6906	6773	439265842053	37580204	440515842053	37687144	19453823	1664.3193	13928.4	1.1916	4873.23	0.4169	47826.093182784	1250000000	106940.3828	1269453823	108604.7031	AntPool
619883	000000000000000000085d900ca030188a2205af0f4201173e2d88eb080cd8e9	2020-03-02 19:47:12	2020-03-02 19:33:50	1248509	914854	3993071	536870912	20000000	100000000000000000000000000000	88c629cd981ac5cf6afcf43a29bfc9f22340f2c317e1d156af3a8436d795c568	3857533521	387067068	15486913440293	00000000000000000000000000000000000000000d38ef9d40010146a982e70c	036b750941d79758b10027a941d79758b0155536706f6f6c2e626974636f696e2e636f6dbf00ed5cc468000000000000	2137	541	5676	4238	164144124782	14042908	165394124782	14149849	9224015	789.1357	7389.79	0.6322	2310.63	0.1977	48884.068747221	1250000000	106940.3828	1259224015	107729.5156	Bitcoin.com
619884	0000000000000000000bbac541d6c5303eca0da497788f085714c0e85fda8890	2020-03-02 19:57:44	2020-03-02 19:37:10	1287706	901879	3993343	536870912	20000000	100000000000000000000000000000	5c3c3c9154a86275e05df39c1ec8fdfef5c72c0c44179fd5381a6d4e209a1104	3592360480	387067068	15486913440293	00000000000000000000000000000000000000000d38fdb322104d7ad5302215	036c75090438655d5e7669702f7777772e6f6b65782e636f6d2ffabe6d6de9857af89413e27a7280de85b4ef3f9b6194c0a2c1e98ad4f06c76b1b83d35b0020000004204cb9a05d7c92df647040000000000	3223	1589	5859	7109	1059289203452	90624632	1060539203452	90731576	21412699	1831.9058	16633.4	1.423	5363.98	0.4589	327643.29720648	1250000000	106940.3828	1271412699	108772.2891	OKEX
619885	000000000000000000005079f3f878463eb2bc076aa0d16896e6b0834d458261	2020-03-02 19:59:06	2020-03-02 19:38:06	1169071	941310	3993001	536870912	20000000	100000000000000000000000000000	1d4060ccb51cfd0b7b4802c266a689d769da4f2a5b216ce737efd7845a19f531	1014847876	387067068	15486913440293	00000000000000000000000000000000000000000d390bc9041f99af00dd5d1e	036d7509000469655d5e04d8e8ee2108cee9565e190e498e092f426974667572792f	1937	601	5912	4876	169483022803	14499663	170733022803	14606604	7562113	646.9562	6470.05	0.5535	1894.33	0.162	51682.837125658	1250000000	106940.3828	1257562113	107587.3359	BitFury
619886	0000000000000000000f4f05377b14b93ae13f08cf7cee898ab309c04a055dee	2020-03-02 20:02:14	2020-03-02 19:39:30	1165108	942692	3993184	536870912	20000000	100000000000000000000000000000	c3264bf0a46b6f6f532aa796f18bff72c499441ea79805f1b86a79f9dc848462	1580423937	387067068	15486913440293	00000000000000000000000000000000000000000d3919dee62ee5e32c8a9827	036e7509fabe6d6d58dd6344ac08866c62769cead1e48d477d5b8ccb0f881abd934f2205bd98aee90100000000000000316506068d4fcde00e0000d050192f736c7573682f	1649	740	6004	3884	254407627871	21765158	255657627871	21872100	11365983	972.386	9758.43	0.8348	2847.33	0.2436	49762.771943576	1250000000	106940.3828	1261365983	107912.7656	SlushPool
619887	00000000000000000006445bd52ffd57da343f930647defcd4bc40baf3c78bfe	2020-03-02 20:35:46	2020-03-02 19:46:54	1331704	887278	3993538	1073676288	3fff0000	111111111111110000000000000000	88bbbf956037d9d916b7f6d3da2bfe03d41845a02b193ae2eab48a1eec9cb369	1732648849	387067068	15486913440293	00000000000000000000000000000000000000000d3927f4c83e32175837d330	036f750904216e5d5e2f706f6f6c696e2e636f6d2ffabe6d6d1ef51efcdbae73508ea53ae9a9ad749fa437f4f9209ee3412dce8eb480ae72920100000000000000037aeafd728ecc00f673bf804284df19119c0c18c400c229040000000000	3062	1537	5655	8409	858324888880	73431672	859574888880	73538616	31436133	2689.4336	23613.8	2.0202	7875.05	0.6737	175330.12737853	1250000000	106940.3828	1281436133	109629.8125	Poolin
619888	0000000000000000000d0f5712df778f601fefa38c48eb04c30301d8a72660b5	2020-03-02 20:43:25	2020-03-02 19:47:12	1510304	827756	3993572	536928256	2000e000	100000000000001110000000000000	562ef92a42e6ed356458e748c755a2b59a5d195522c36145190e3d5c44f72813	1773358002	387067068	15486913440293	00000000000000000000000000000000000000000d39360aaa4d7e4b83e50e39	0370750904e96f5d5e535a30322f4254432e434f4d2ffabe6d6df0473afeab53d51d650fa8e78b45c3ae5cb3ccdf4829b5c52f3dee2b81277766080000007296cd10ba0013812773c388d0d40000	3152	2223	6495	7439	983051794132	84102344	984301794132	84209288	23795067	2035.7228	15759.6	1.3483	5960.72	0.51	12563.468164964	1250000000	106940.3828	1273795067	108976.1016	BTC.com
619889	0000000000000000000aa6abdbbde5996264cd0a286c46ea11fe7975dcc468fe	2020-03-02 21:00:27	2020-03-02 19:57:44	1377841	871721	3993004	536870912	20000000	100000000000000000000000000000	7804fdbfbb4698f64ff657164d6b0c6fbb1d1695c75cf30d310abb62ec7aa1f9	3375152617	387067068	15486913440293	00000000000000000000000000000000000000000d3944208c5cca7faf924942	037175090004d4735d5e04cbbddd16089a0c575e3da22100092f426974667572792f	3348	2183	6031	7968	1212303596305	103715368	1213553596305	103822304	28160814	2409.2227	20442.6	1.7489	7054.35	0.6035	20583.3837943	1250000000	106940.3828	1278160814	109349.6016	BitFury
619890	00000000000000000008c65af92189bfec41c96a01df5038b485b8a3168d79cd	2020-03-02 21:24:26	2020-03-02 19:59:06	1397229	865333	3993228	1073733632	3fffe000	111111111111111110000000000000	696232baaa4e3fc34b16f091bd42b43198d41207a0f452c8215ef7dd56718ace	65980248	387067068	15486913440293	00000000000000000000000000000000000000000d3952366e6c16b3db3f844b	037275091a2f5669614254432f4d696e6564206279206a616e616a6f6c322f2cfabe6d6db34a890234038c983cff33020e52aec08f0e26f471fe785f7a4103765fc1303210000000000000001000d26a1011a6996083d163ba87f20200	3468	2280	6146	8663	1399583868411	119737624	1400833868411	119844568	28191130	2411.8162	20182.2	1.7266	7062.35	0.6042	14755.375860843	1250000000	106940.3828	1278191130	109352.1953	ViaBTC
619891	0000000000000000000abf8f43bb397ea30f3747991d2916a44a4ae80d0ae805	2020-03-02 21:38:14	2020-03-02 20:02:14	1337451	885174	3992973	536870912	20000000	100000000000000000000000000000	92994b2f3fb03135e8bbd6784834424c89d3a5199aaea8578b8e430bab37e5df	1732038151	387067068	15486913440293	00000000000000000000000000000000000000000d39604c507b62e806ecbf54	0373750904c77c5d5e7669702f7777772e6f6b65782e636f6d2ffabe6d6d8f286ddce39fabd40e884f80884bf025cfb736584d0c89f98e9e8751eccf02cb020000004204cb9a0f4d74e7b750470000000000	3520	1946	5753	8094	1069693254757	91514720	1070943254757	91621664	22094185	1890.2085	16524.3	1.4137	5535.21	0.4735	54039.830317364	1250000000	106940.3828	1272094185	108830.5859	OKEX
619892	0000000000000000000f6b6b349e1af522c8090ba1833898dbacf272b806506d	2020-03-02 21:42:38	2020-03-02 20:35:46	1431430	853979	3993367	545259520	20800000	100000100000000000000000000000	82e90679d8db7b68f51424c6207b69c53313be08749e7f89939d1602013405af	1355673384	387067068	15486913440293	00000000000000000000000000000000000000000d396e62328aaf1c3299fa5d	03747509fabe6d6d334732ac0f8681425840a414eae5ee9e8000e5f2d1e6be52bf1a6e994031a4b901000000000000002965060c5b5f24c0450000b871482f736c7573682f	2415	976	7309	4857	1340378670503	114672488	1341628670503	114779424	18043075	1543.6267	12608.2	1.0786	4519.83	0.3867	179389.54687939	1250000000	106940.3828	1268043075	108484.0078	SlushPool
619893	000000000000000000047725b39e324b709a8a0c4dbe1fe6d9406ecd7aeba221	2020-03-02 21:46:50	2020-03-02 20:43:25	1445624	849181	3993167	536870912	20000000	100000000000000000000000000000	502c998b5c22257f8f17b8908858f9b09193fefc2b2ef91258628baa14207506	345647417	387067068	15486913440293	00000000000000000000000000000000000000000d397c781499fb505e473566	037575091b4d696e656420627920416e74506f6f6c33374e002901206997ed4dfabe6d6da777883f0fb91fa6febb1b3a4d9a96410a36cb8e5e8376266b11f6f0066b9fbc04000000000000002c340300feea0100	2046	923	7559	4251	241210998789	20636156	242460998789	20743098	18497839	1582.5327	12799.1	1.095	4634.02	0.3964	8098.4018580805	1250000000	106940.3828	1268497839	108522.9141	AntPool
619894	0000000000000000000d6ff524dd647e427413cb1ae52cc085b734b9ee071441	2020-03-02 22:09:46	2020-03-02 21:00:27	1395398	865990	3993368	536870912	20000000	100000000000000000000000000000	914749a7fbdeafc2eac1c49d23efd4e03437d0cb6c1573b824595e2e24eb2cd7	2692326901	387067068	15486913440293	00000000000000000000000000000000000000000d398a8df6a9478489f4706f	037675090426845d5e535a30322f4254432e434f4d2ffabe6d6decd722774a03b4fabd77899a7eae6e3dc78773c2fc856b4af71a6e51ed833451080000007296cd10ec1a4a30fb87000000000000	3198	2113	6120	7791	1402874800988	120019176	1404124800988	120126112	26704740	2284.6521	19143.6	1.6378	6689.94	0.5723	59561.056004175	1250000000	106940.3828	1276704740	109225.0312	BTC.com
619895	0000000000000000000d72f751981f38e8ba3203f224be3cd1465e282d977cf9	2020-03-02 22:27:27	2020-03-02 21:24:26	1382382	872100	3998682	541065216	20400000	100000010000000000000000000000	2a16e2ef59a56d3f540f0616a45641bb9bae93f7ef5ab95cfd863748e20274f0	40155820	387067068	15486913440293	00000000000000000000000000000000000000000d3998a3d8b893b8b5a1ab78	037775092cfabe6d6da0f2c24536dc067fe8d124f5db9676a15ffd425a486618af599652d2d44f1a8c10000000f09f909f00104d696e65642062792064617a61687569000000000000000000000000000000000000000000000000000000050048940100	3284	2086	6070	7967	836103815318	71530608	837353815318	71637552	25041690	2142.3743	18120.9	1.5503	6265.2	0.536	36645.42218975	1250000000	106940.3828	1275041690	109082.7578	F2Pool
619896	00000000000000000003c4f5ee0f00e1d948c9252d47d5a3a10fbb8b3d6ee205	2020-03-02 22:34:42	2020-03-02 21:38:14	1240468	917649	3993415	541065216	20400000	100000010000000000000000000000	7f119f0644d4f1b6087f1ab13d0866f4340345c312e9b0d6d13fb90b11b9a26f	472079843	387067068	15486913440293	00000000000000000000000000000000000000000d39a6b9bac7dfece14ee681	037875091b4d696e656420627920416e74506f6f6c313139000065207ab61d79fabe6d6da181def9557afb17063436da328c7182fcc412d8720e8d11b3bb46a19fd1064e0400000000000000946e00c05ad14601	2808	1347	5913	6177	653048464486	55869800	654298464486	55976740	18841674	1611.9486	15193.8	1.2999	4719.86	0.4038	20430.976481801	1250000000	106940.3828	1268841674	108552.3281	AntPool
619897	0000000000000000000346eec19720bd22137b54719dbea4b26a8f04ff5cf574	2020-03-02 22:35:55	2020-03-02 21:42:38	1354282	881386	3998440	536870912	20000000	100000000000000000000000000000	d37e9c6c26933571073417685c51be78d1d3e0cfe37090b58740342ef189cd55	4277988419	387067068	15486913440293	00000000000000000000000000000000000000000d39b4cf9cd72c210cfc218a	037975092cfabe6d6ddaf141750daeb2410bcb7551f0f4c7a94e20ed893617c5f5d0aa61f2af6e274a10000000f09f909f00104d696e6564206279206d61736977656900000000000000000000000000000000000000000000000000000005003c6e0200	1963	624	7314	4098	175879941574	15046934	177129941574	15153875	14605335	1249.52	10788.2	0.9229	3654.34	0.3126	3282.7982608397	1250000000	106940.3828	1264605335	108189.8984	F2Pool
619898	0000000000000000000954e59d2f9c9143657f21e6503df6b1f2a10231c8ef98	2020-03-02 22:40:00	2020-03-02 21:46:50	1137766	951878	3993400	536870912	20000000	100000000000000000000000000000	60c2d078214c5c973d0059daeaa955e5ee3fc11c627bffc9aefec45717bd186b	4066947621	387067068	15486913440293	00000000000000000000000000000000000000000d39c2e57ee6785538a95c93	037a75091a4d696e656420627920416e74506f6f6c320000d300207c9be707fabe6d6de127c46877a74df81105062be52b60410d424f1a433e4b4eaae724448732c53c040000000000000016aa0a00cfd90000	2795	861	5808	5629	361794800911	30952380	363044800911	31059320	16254547	1390.614	14291.2	1.2226	4071.8	0.3484	9568.0047517267	1250000000	106940.3828	1266254547	108330.9922	AntPool
619899	0000000000000000000dd631dac3e2d00084d88351c7179ede8b1152c1e4740b	2020-03-02 22:41:12	2020-03-02 22:09:46	1161223	944004	3993235	549453824	20c00000	100000110000000000000000000000	548c942403d2b3a68b1511173ca476b8d98e0fe96fbfc5ae72e6ad37cbd975e0	2910168864	387067068	15486913440293	00000000000000000000000000000000000000000d39d0fb60f5c4896456979c	037b75091b4d696e656420627920416e74506f6f6c38368c00f102207d09524dfabe6d6db38f562a2eccf3e969fc71f68f06ed5e1dbd25ff64b77098350798a1b4818e4f0400000000000000b349000073ea0000	2781	631	5773	5476	221186321011	18923000	222436321011	19029940	10826664	926.246	9326.57	0.7979	2712.22	0.232	79649.277035042	1250000000	106940.3828	1260826664	107866.625	AntPool
619900	0000000000000000000bc9dcc01e8bfc6b82e520c44c3b84b72d4383d4433060	2020-03-02 22:44:05	2020-03-02 22:27:27	1171415	940676	3993443	536870912	20000000	100000000000000000000000000000	1fb5eae60d40a044a2dcc9b4783d545b594f39bef10935be697d4ca156512f74	3922573172	387067068	15486913440293	00000000000000000000000000000000000000000d39df11430510bd9003d2a5	037c750904388c5d5e535a30322f4254432e434f4d2ffabe6d6dde4982567ade3df19d6e483df4e0c8a2a72549dc54bf5c6714f705fcb1f1621f080000007296cd10a08bc052f4550b0000000000	1787	585	4685	4937	238487114380	20403122	239737114380	20510062	10180292	870.9474	8693.75	0.7438	2550.27	0.2182	3463.6871168956	1250000000	106940.3828	1260180292	107811.3281	BTC.com
619901	00000000000000000010d85a2d424d94319db10cf72a0d262693083176d1b963	2020-03-02 22:52:25	2020-03-02 22:34:42	1263413	911756	3998681	536870912	20000000	100000000000000000000000000000	30d79c0a0d1d748c5c67022755939b6f4fe89d99b11e4c359e159315d034fe6f	78349146	387067068	15486913440293	00000000000000000000000000000000000000000d39ed2725145cf1bbb10dae	037d75092cfabe6d6d576b0d82498bc03efacebdc35b2d1372675cc16eb2ead07ea9fa70337e83c70a10000000f09f909f00144d696e656420627920617573746172313638383800000000000000000000000000000000000000000000000500f3f5aa8a	2373	1307	5397	5234	418505910754	35804144	419755910754	35911084	15863867	1357.1904	12560.9	1.0746	3968.99	0.3396	21962.381500455	1250000000	106940.3828	1265863867	108297.5703	F2Pool
619902	0000000000000000000d6e88c7038944c059abf1aea74639f00b864ca89caa17	2020-03-02 23:01:47	2020-03-02 22:35:55	1361058	877472	3993474	541065216	20400000	100000010000000000000000000000	64818f16b8bda8fa3a1a12b887bcfad2444afff26ba0a1a4494ccdb9e090f4c7	544895136	387067068	15486913440293	00000000000000000000000000000000000000000d39fb3d0723a925e75e48b7	037e75091c2f5669614254432f4d696e6564206279206d656872616e373636322f2cfabe6d6d3f365dccc8ef7c33992c0796b7f87d3a83edb61a3eda3a33da8f3f240f8ae29110000000000000001058d3051006bc7931288358c0393e0000	3318	2000	6143	7497	357292382080	30567186	358542382080	30674128	14520101	1242.2281	10671.4	0.9129	3637.31	0.3112	43307.242141964	1250000000	106940.3828	1264520101	108182.6094	ViaBTC
619903	00000000000000000002e92120bcefc80430511dc74be50555bdcab6e8f8322e	2020-03-02 23:32:52	2020-03-02 22:40:00	1364144	876224	3992816	549453824	20c00000	100000110000000000000000000000	74bcce90c716df6f0ac81c85c6dfd1c4a13ce1f12d4b05cdc240def3c6374b56	2768052506	387067068	15486913440293	00000000000000000000000000000000000000000d3a0952e932f55a130b83c0	037f750904a8975d5e2f4e6f7661426c6f636b2fbea486683a65f2907186c988b16e6ac411d4603096006162030000000000	3369	2115	5872	8571	1141787194876	97682528	1143037194876	97789464	29244530	2501.937	21442.7	1.8345	7326.28	0.6268	62178.035780187	1250000000	106940.3828	1279244530	109442.3203	NovaBlock
619904	00000000000000000004010e66f8958fb1a4d1f2099dff805e3ce518b4f152e0	2020-03-02 23:35:59	2020-03-02 22:41:12	1305253	895945	3993088	536870912	20000000	100000000000000000000000000000	40784a54a5ce3d669a28e2264cd9e42445654a81d671fe59ecf22f12146cf2b7	1885235121	387067068	15486913440293	00000000000000000000000000000000000000000d3a1768cb42418e3eb8bec9	038075091c4d696e656420627920416e74506f6f6c313333ab012d032090a02e9efabe6d6dd5dc7eb1026d738667b0dbc8a40c135da65774704907d6a6afc34141db7cadf204000000000000000c3500003f260000	3329	1692	6083	6877	443519713204	37944132	444769713204	38051076	17508386	1497.8828	13417.7	1.1479	4386.24	0.3752	14650.924175584	1250000000	106940.3828	1267508386	108438.2656	AntPool
619905	000000000000000000095a0331f8e1abf00df7f94df733ca23bacd9280bdc6c1	2020-03-02 23:36:21	2020-03-02 22:44:05	1123086	956657	3993057	536870912	20000000	100000000000000000000000000000	3bca8f7153e3d0e17b4e2567dee358730b3db0c551b2db831e859ccbebca37cd	474441388	387067068	15486913440293	00000000000000000000000000000000000000000d3a257ead518dc26a65f9d2	038175091b4d696e656420627920416e74506f6f6c3131390000652090c1d249fabe6d6d5499ed77fd0ac0676aa3f62d51671e1353b67928fa7af39fb652418b73b1c63c04000000000000009acd00c0711d4200	2287	518	5847	4750	72342962193	6189107	73592962193	6296047.5	4262656	364.6801	3796.78	0.3248	1067.9	0.0914	14835.352970113	1250000000	106940.3828	1254262656	107305.0625	AntPool
619906	00000000000000000005d8d69f6482accf2163462e7407b849eba823084b01aa	2020-03-02 23:41:06	2020-03-02 22:52:25	1349558	883055	3998723	536870912	20000000	100000000000000000000000000000	ac77085a097211bc1bba3b1ea798e25ac7511acda49f117913c31c9543aa77b8	2743603654	387067068	15486913440293	00000000000000000000000000000000000000000d3a33948f60d9f6961334db	038275092cfabe6d6dda91219e816862c1352f3071ff7701981925646569dc768947c257165327c51310000000f09f909f00184d696e6564206279206b65657077616c6b696e673132333400000000000000000000000000000000000000050033a41e00	2360	1200	6991	5093	284787988032	24364268	286037988032	24471210	9787452	837.3391	7254.81	0.6207	2448.71	0.2095	32893.104510815	1250000000	106940.3828	1259787452	107777.7188	F2Pool
619907	00000000000000000006e4b3d2b7be4c8871ea45ee1a8495588922c6c794d640	2020-03-02 23:47:49	2020-03-02 23:01:47	1350738	880841	3993261	545259520	20800000	100000100000000000000000000000	3185befaf8589526c52519568973e33c430fce803c4ed747c1162b319a952f70	159203533	387067068	15486913440293	00000000000000000000000000000000000000000d3a41aa7170262ac1c06fe4	0383750941d79766c9ee602241d79766c97eab392f315448617368263538434f494e2ffabe6d6d94ff7a8d56653a29afe37c550572be6935f157f6492e03cd45fce008b5b526cc8000000000000000c8005fb1c5e4000000000000	2073	1090	5838	7867	471382899367	40327892	472632899367	40434832	16619680	1421.8519	12307.7	1.053	4163.44	0.3562	8743.2164893582	1250000000	106940.3828	1266619680	108362.2344	1THash&58COIN