id	hash	time	median_time	size	stripped_size	weight	version	version_hex	version_bits	merkle_root	nonce	bits	difficulty	chainwork	coinbase_data_hex	transaction_count	witness_count	input_count	output_count	input_total	input_total_usd	output_total	output_total_usd	fee_total	fee_total_usd	fee_per_kb	fee_per_kb_usd	fee_per_kwu	fee_per_kwu_usd	cdd_total	generation	generation_usd	reward	reward_usd	guessed_miner
512658	0000000000000000001fb994cd029b963b456b4ae608d4e8ea5ddf7803066627	2018-03-09 00:12:41	2018-03-08 23:36:43	1115625	959212	3993261	536870912	20000000	100000000000000000000000000000	89a607f2091ea6e84b0147fc6eac24ac6258c37e82fbe501dbf85d4873d9c189	2218199360	391481763	3290605988755	0000000000000000000000000000000000000000013c5c0d25668fbfa67e1746	0392d207132f6d696e65642062792067626d696e6572732f2cfabe6d6d8ff7f79798d4dc5aed8b98121de3528c5b29fc2fb77edc7e8531ea6d0fa154e2010000000000000010fe9f65006fa22002c89fbc504dc00000	2211	742	5210	6778	900325411280	87515408	901575411280	87636912	28837415	2803.1179	25857.3	2.5134	7221.15	0.7019	16405.524461867	1250000000	121505.25	1278837415	124308.3672	GBMiners
512659	000000000000000000248ae57f3995af2c372bf3ad8a5f8f1fa268151b73b331	2018-03-09 00:18:39	2018-03-08 23:43:59	1037286	985148	3992730	536870912	20000000	100000000000000000000000000000	5ce73660674bbee097685f61281ac5f6be3c75e07fe6cdd031bbdd5df49a8e1f	1382139423	391481763	3290605988755	0000000000000000000000000000000000000000013c5f0b4fcb65b77cb8f968	0393d207192f5669614254432f4d696e6564206279207169616e6767652f2cfabe6d6d83226b54d92b70b965e2f151d5fc87e0b7cf0aa89f7491c85c91dad0a3d978b901000000000000001038daeb0389591a9772d0ff850acfcc4c	694	203	6450	1586	405290641409	39395952	406540641409	39517456	10231983	994.5917	9867.45	0.9591	2563.17	0.2491	15129.372738401	1250000000	121505.25	1260231983	122499.8438	ViaBTC
512660	0000000000000000005587799f6b3dfa4d2cd62974469ba7f4e872bbcdbb3987	2018-03-09 00:23:46	2018-03-08 23:53:39	1037489	985069	3992696	536870912	20000000	100000000000000000000000000000	481bd60273b6d9030b2e3937222d790f4c1780efb96a6b5bde76f582083a3217	520726506	391481763	3290605988755	0000000000000000000000000000000000000000013c62097a303baf52f3db8a	0394d207184d696e656420627920416e74506f6f6c37380c205aa1d4126f0e000041d40000	804	260	6365	1883	818368524955	79548856	819618524955	79670360	9854400	957.889	9500.96	0.9235	2468.42	0.2399	974697.1481164	1250000000	121505.25	1259854400	122463.1406	AntPool
512661	000000000000000000094a64ae91f577335f78f0620b0ec8ed6a2e14e9c9aa28	2018-03-09 00:24:40	2018-03-08 23:53:41	1001225	996121	3989588	536870912	20000000	100000000000000000000000000000	51355aac7dd115b4137d95af932ce560348d7373a5e45df335ffd0026650404b	4203733432	391481763	3290605988755	0000000000000000000000000000000000000000013c6507a49511a7292ebdac	0395d207182f5669614254432f4d696e65642062792066616b3830302f2cfabe6d6d9d4d3ff9c2dd80fc68807d6c4a3fa2e50caed6ad5f582147153cf993b2a5672d0100000000000000102bdb94012c2543bf8c8a7b6487279248	169	31	6669	275	31927086403	3103446.75	33177086403	3224952	3718948	361.4974	3715.66	0.3612	932.441	0.0906	274.30510511813	1250000000	121505.25	1253718948	121866.75	ViaBTC
512662	00000000000000000015bb97661fb7976252d834dec704586e05ea85fba7ea9f	2018-03-09 00:26:20	2018-03-08 23:54:41	1039812	984358	3992886	536870912	20000000	100000000000000000000000000000	dcaadf2ba62f39eaff42dcf8f099fc7e87a4020026eb2146da2edce10b84ff59	809066970	391481763	3290605988755	0000000000000000000000000000000000000000013c6805cef9e79eff699fce	0396d207fabe6d6d85d87014b836f96d783144cbe736eae862b7b2ef45351518f40891d2e0e307cd01000000000000002665070067c1f7e17b010038c8022f736c7573682f	270	76	4911	507	80419961412	7817158	81669961412	7938663	3243248	315.2573	3120.19	0.3033	812.508	0.079	1726.089551334	1250000000	121505.25	1253243248	121820.5078	SlushPool
512663	0000000000000000001a03753a065271b43bd8a92dddc5b71c8652c8bb5e90ea	2018-03-09 00:37:51	2018-03-09 00:12:41	1064324	976296	3993212	536870912	20000000	100000000000000000000000000000	b7cbcc56824be317ddf036f8535247977fa4c3fc30da08f602f4cf00ac5504cf	1670148237	391481763	3290605988755	0000000000000000000000000000000000000000013c6b03f95ebd96d5a481f0	0397d207174d696e656420627920416e74506f6f6c311e205aa1d75ffabe6d6d6fd1688e827bffca2f3485a0fefd254a66fbf428087f3378a7902593b91e1bca0400000000000000e0300000c7f60000	1455	496	6006	3375	733898155259	71337984	735148155259	71459488	22446516	2181.8955	21096.5	2.0506	5621.34	0.5464	12857.113402759	1250000000	121505.25	1272446516	123687.1484	AntPool
512664	00000000000000000009bacea61e3233d5435daf23a436b62bd21f1f7e1a3574	2018-03-09 00:44:40	2018-03-09 00:18:39	1050361	980962	3993247	536870912	20000000	100000000000000000000000000000	4f9f387f2f3a7214876104513db6fbf2da9069677843656d548c649dad766f4b	3247393477	391481763	3290605988755	0000000000000000000000000000000000000000013c6e0223c3938eabdf6412	0398d207fabe6d6d6a7ecbdf8cd631a49ab0377349d689d553297ba9402b0ecc3617a802175adce40100000000000000076505001278ac26150100a1ae2f736c7573682f	941	280	5630	4695	513734804053	49937180	514984804053	50058684	23883716	2321.5974	22746.6	2.2111	5982.23	0.5815	6587.5721819451	1250000000	121505.25	1273883716	123826.8438	SlushPool
512665	0000000000000000004cc774e64c5ca1f390a5f0bf97718064088847745d9ec6	2018-03-09 00:47:41	2018-03-09 00:23:46	1051714	980483	3993163	536870912	20000000	100000000000000000000000000000	ec9ead06ea6f3327146a617197856dafb1be422f9e40571f60815665af5ab8f9	2473029531	391481763	3290605988755	0000000000000000000000000000000000000000013c71004e286986821a4634	0399d20704aed9a15a612f4254432e434f4d2ffabe6d6d2e587db03d9b529c442b16b8a2afc0c141515f592caecabb1036973e59ed1e83010000000000000066d154b8c50e010000000000	552	160	4695	3794	151834854214	14758985	153084854214	14880491	20608260	2003.2094	19601	1.9053	5161.99	0.5018	3157.9253774101	1250000000	121505.25	1270608260	123508.4609	BTC.com
512666	0000000000000000002d89df9e440fa7a334072d675d041dc3e22ab7bb9831ea	2018-03-09 00:55:01	2018-03-09 00:24:40	1048168	981586	3992926	536870912	20000000	100000000000000000000000000000	6118cdce51f7b94dc5189f9dc968d1588ab36458e5f5bd7fa8184180f78b3d7d	2899414489	391481763	3290605988755	0000000000000000000000000000000000000000013c73fe788d3f7e58552856	039ad207fabe6d6dfe7e7a814702c682dbcce126c8fdab32ae8cdf5b0096334067c0c2560ebf55ca0100000000000000286505008985893c020100fbd9032f736c7573682f	888	277	6009	3344	357856861843	34785188	359106861843	34906696	15388320	1495.8093	14686.4	1.4275	3854.67	0.3747	22906.572722001	1250000000	121505.25	1265388320	123001.0547	SlushPool
512667	0000000000000000003607dc546e8c29df55358674363b1f5d288bfa8ec5524d	2018-03-09 00:59:52	2018-03-09 00:26:20	1028372	988061	3992555	536870912	20000000	100000000000000000000000000000	a2506200cf6f18fa7084e09203a5fae1866690f5d1eb86f73820043517f46637	3039094061	391481763	3290605988755	0000000000000000000000000000000000000000013c76fca2f215762e900a78	039bd207132f6d696e65642062792067626d696e6572732f2cfabe6d6d14b281053452291596a97c39abb06f3028089a7bdb951e110defc092a0ce8cd90100000000000000104fa065005852f397a43aa7f493830100	574	168	5356	4054	437139148472	42491760	438389148472	42613268	8074170	784.8432	7854.24	0.7634	2022.84	0.1966	7445.7967931673	1250000000	121505.25	1258074170	122290.0938	GBMiners
512668	00000000000000000014a3ccd450fdab5ca74ab31e8d1867cc3a08301749b272	2018-03-09 01:03:35	2018-03-09 00:37:51	1020916	989509	3989443	536870912	20000000	100000000000000000000000000000	1383c454fc3104b30186f4809185b0493c0db38b0b67ae893b9d0676a659bed7	1757360507	391481763	3290605988755	0000000000000000000000000000000000000000013c79facd56eb6e04caec9a	039cd207192f5669614254432f4d696e656420627920787731363838382f2cfabe6d6df65cce813545c388896208d8a2c6f467d7c1e83c992314a9a3df515a89b0f40801000000000000001088da4f047536f6280b39e9f3f8e2dddd	491	143	5902	3523	216947477256	21088206	218197477256	21209712	11040357	1073.1691	10817.8	1.0516	2768.05	0.2691	4274.7815904711	1250000000	121505.25	1261040357	122578.4219	ViaBTC
512669	0000000000000000000ce2f858eba2011a35a7f50bac055c3a86739e13d332e5	2018-03-09 01:05:45	2018-03-09 00:44:40	1048515	981477	3992946	536870912	20000000	100000000000000000000000000000	71ce038f44258df7f64f6bb31bef3c7070721f309b685b47d2400b6ebd480657	2845463720	391481763	3290605988755	0000000000000000000000000000000000000000013c7cf8f7bbc165db05cebc	039dd207184d696e656420627920416e74506f6f6c373946205aa1dde9515f0000673c0300	356	96	5017	3618	101419704891	9858421	102669704891	9979926	5111518	496.861	4876.35	0.474	1280.41	0.1244	9059.4242178196	1250000000	121505.25	1255111518	122002.1094	AntPool
512670	000000000000000000131021290a04b28d0ce2480910349a3aa754583e88ffc8	2018-03-09 01:07:27	2018-03-09 00:47:41	1007451	995174	3992973	536870912	20000000	100000000000000000000000000000	abc435053bab7b7c48d4022d819777019120ee673e4b144e33952473b5158c4c	607905712	391481763	3290605988755	0000000000000000000000000000000000000000013c7ff72220975db140b0de	039ed20700044fdea15a04033c6c0c0c0a2cf460aad7020000000000162f426974636f696e2d496e6469612f4249503134382f	325	60	3593	709	140098157026	13618129	141348157026	13739634	3274178	318.2639	3250.94	0.316	820.186	0.0797	6014.7489167301	1250000000	121505.25	1253274178	121823.5156	Bitcoin India
512671	0000000000000000003f2805d2d21e7fb39ac6d2e24b2dc8178c554d60de5e9b	2018-03-09 01:22:43	2018-03-09 00:55:01	1079465	971062	3992651	536870912	20000000	100000000000000000000000000000	11d67c7fa0cbddeb4d95485508b602b9067f23ab267f569d0c7874f61b8d8f2c	1180915967	391481763	3290605988755	0000000000000000000000000000000000000000013c82f54c856d55877b9300	039fd20704d9e1a15a2f08dbfd4d8627000000000000	1629	466	5794	3895	699545210969	67998736	700795210969	68120240	21508895	2090.7549	19931.1	1.9374	5387.34	0.5236	21431.447956838	1250000000	121505.25	1271508895	123596.0078	Unknown
512672	0000000000000000001979b5143582ede57569fda7a1313d8ed51958e416dcae	2018-03-09 01:31:57	2018-03-09 00:59:52	1049164	981187	3992725	536870912	20000000	100000000000000000000000000000	5d6d6372d0b17dc1fad568b838787eeb0f690b6cdb9dea2fe61b42b7d0129f15	1734034157	391481763	3290605988755	0000000000000000000000000000000000000000013c85f376ea434d5db67522	03a0d207194d696e656420627920416e74506f6f6c3826205aa1e40d0afcfabe6d6d6fd1688e827bffca2f3485a0fefd254a66fbf428087f3378a7902593b91e1bca0400000000000000bf4c00001f200100	1145	344	5909	3647	940216750152	91393016	941466750152	91514520	18790473	1826.5129	17915.6	1.7415	4706.73	0.4575	614294.91632229	1250000000	121505.25	1268790473	123331.7656	AntPool
512673	0000000000000000000678083cc63d5407a141c541dff04e152513d8d8f12d9d	2018-03-09 01:34:20	2018-03-09 01:03:35	1011167	993882	3992813	536870912	20000000	100000000000000000000000000000	fc26f5c2aebb26e6edf517c0fd28398deb2567817f664c3d46c4c943a288eb4f	3584758084	391481763	3290605988755	0000000000000000000000000000000000000000013c88f1a14f194533f15744	03a1d207049de4a15a652f4254432e434f4d2ffabe6d6d7f416c34388ea9a2f878655d61a55b122c04e79280abbfae127c693cd6aedb6401000000000000000110abbf9bd0010000000000	327	88	6616	639	58970682154	5732198	60220682154	5853703	4932296	479.4399	4879.4	0.4743	1235.61	0.1201	2113.4223278381	1250000000	121505.25	1254932296	121984.6875	BTC.com
512674	0000000000000000001e9ffa01f826f29882d0daa885040e9861e370d6d99eb9	2018-03-09 01:43:00	2018-03-09 01:05:45	1046387	982238	3993101	536870912	20000000	100000000000000000000000000000	463cce969759695905eb1d11947bd589ff2a4710f0d4ac5e755de46bac7c4fe6	961997574	391481763	3290605988755	0000000000000000000000000000000000000000013c8befcbb3ef3d0a2c3966	03a2d207047ae6a15a612f4254432e434f4d2ffabe6d6d65fe8d7efdd4650b334005b621dc9691bfa2df87b5b32583f17c78f5604066ff01000000000000002d02997a10b0aa4a00000000	1206	286	6102	2746	373342612134	36290468	374592612134	36411976	32291516	3138.8708	30869.6	3.0007	8088	0.7862	6201.7314572588	1250000000	121505.25	1282291516	124644.1172	BTC.com
512675	00000000000000000053031e0641d088d389e6a33c7e1332e98e35250720764d	2018-03-09 01:45:24	2018-03-09 01:07:27	1028548	988177	3993079	536870912	20000000	100000000000000000000000000000	d501fae0a16f68955beb49b9bb10876aaa6ca063f781687aed4c5bae627b7c7a	1780342993	391481763	3290605988755	0000000000000000000000000000000000000000013c8eedf618c534e0671b88	03a3d20741d6a879ce4fec0141d6a879cd19fd6f2f4254432e544f502ffabe6d6d6d5aabecabb2d0b149a60623b2e47e996fa8f547cc4545ddf163485075eab46c8000000000000000db0033f8a04f000000000000	558	133	6520	1211	257487050650	25028822	258737050650	25150328	18335135	1782.2521	17832.1	1.7333	4592.86	0.4465	16237.458210592	1250000000	121505.25	1268335135	123287.5	BTC.TOP
512676	00000000000000000040e8b4d29b752798599ee8100bdc496648562b3a1722db	2018-03-09 01:52:06	2018-03-09 01:22:43	342180	298329	1237167	536870912	20000000	100000000000000000000000000000	e73f8fa8f74c1b6cc31c7e9a0245b5a8a4ddb5d9494c0e0c2720c16e2ccfcb26	793078603	391481763	3290605988755	0000000000000000000000000000000000000000013c91ec207d9b2cb6a1fdaa	03a4d207142f3538636f696e2e636f6d2f2d205aa1e8c6088781170000b0280100	937	254	1528	2234	347619437145	33790068	348869437145	33911576	28745011	2794.1357	84075.3	8.1724	23243.5	2.2593	18357.531352621	1250000000	121505.25	1278745011	124299.3828	58COIN
512677	00000000000000000015c03efb15b04bc08b493f0d693471248f14326143d030	2018-03-09 02:15:11	2018-03-09 01:31:57	1153165	946659	3993142	536870912	20000000	100000000000000000000000000000	1411a6f43e81fc07743a3d6bad1e638caa468001943d01b493b241451deb5ef4	3631060041	391481763	3290605988755	0000000000000000000000000000000000000000013c94ea4ae271248cdcdfcc	03a5d207b317b27c095ece61b6dd67d17f658efff20ef0bdee3438b267f9b6e8ce949915f59c4d70850100000000000000007e56555276182e6a48068da12f425443432f2000000000000000000000000000000000000000000000000000000000000000	2602	739	5358	6212	1701376002449	165380896	1702626002449	165502400	83835632	8149.1753	72722.6	7.069	20992.7	2.0406	27539.704656887	1250000000	121505.25	1333835632	129654.4219	BTCC Pool
512678	000000000000000000091a414486c77a5d77ee816426b19ab3a0d54dd12912e5	2018-03-09 02:21:14	2018-03-09 01:34:20	1137161	951984	3993113	536870912	20000000	100000000000000000000000000000	23489a19a7ea66e777e7e8b842d8cd1528950e70c16245955bbf6d271f65f6cf	3505662258	391481763	3290605988755	0000000000000000000000000000000000000000013c97e87547471c6317c1ee	03a6d20741d6a87be7e3b43641d6a87be6a38dc62f4254432e544f502ffabe6d6da4fa2588cc30d723c908ac84cee68461ff01c67cf86ff6784c326379a18dcfc38000000000000000d000f0ffb650000000000000	1933	562	4430	9845	2829714138395	275060096	2830964138395	275181600	24973614	2427.54	21967.9	2.1354	6254.42	0.6079	30454.982973823	1250000000	121505.25	1274973614	123932.7891	BTC.TOP
512679	0000000000000000002ea28f3b665320d5444de41947c2abaf58e93da3e56786	2018-03-09 02:23:29	2018-03-09 01:43:00	1056079	978950	3992929	536870912	20000000	100000000000000000000000000000	422c5f7a45c6ec46cff7fa051276dc63d9ffe07a8878cc5faaf62660927169e6	3813770450	391481763	3290605988755	0000000000000000000000000000000000000000013c9ae69fac1d143952a410	03a7d2070421f0a15a642f4254432e434f4d2ffabe6d6dde3514999a4ca352bc6e33e5c80ca0b9825404089639cbd5262ab82743deeceb01000000000000003a15a554000030f8cb7c0000	561	158	6593	1460	216826233955	21076420	218076233955	21197926	14848604	1443.3467	14064.5	1.3671	3719.53	0.3616	7717.4122827616	1250000000	121505.25	1264848604	122948.5938	BTC.com
512680	0000000000000000000db216d73a0f4f95b4c9d34eca499da06448bbbf46f34c	2018-03-09 02:44:18	2018-03-09 01:45:24	1111151	960668	3993155	536870912	20000000	100000000000000000000000000000	0c395206f6051825d672323814f200a23653205a2006cd595d672b39eec13afb	3494978808	391481763	3290605988755	0000000000000000000000000000000000000000013c9de4ca10f30c0f8d8632	03a8d207174d696e656420627920416e74506f6f6c363f205aa1f502fabe6d6d6fd1688e827bffca2f3485a0fefd254a66fbf428087f3378a7902593b91e1bca04000000000000003019000089d50200	2909	753	5001	7340	1194362390774	116097040	1195612390774	116218544	86037703	8363.2256	77454.2	7.5289	21544.1	2.0942	17941.931354238	1250000000	121505.25	1336037703	129868.4766	AntPool
512681	00000000000000000038d0093d0d0a0e6adfb5cd963e3e971c2d7696a40bc336	2018-03-09 02:52:23	2018-03-09 01:52:06	1089477	967755	3992742	536870912	20000000	100000000000000000000000000000	188949cc0da56122a71b08a3ae8b2a28051864eaf0ca7aec899b51e5eaf49a1e	284261681	391481763	3290605988755	0000000000000000000000000000000000000000013ca0e2f475c903e5c86854	03a9d207184d696e656420627920416e74506f6f6c373946205aa1f6e77b280000ff490300	1349	481	5516	5333	1903921237263	185069136	1905171237263	185190640	17273113	1679.0192	15858.7	1.5416	4326.2	0.4205	23638.058688868	1250000000	121505.25	1267273113	123184.2656	AntPool
512682	0000000000000000004440e427d1c011b5bb8d64f516b6999430c851ab7ff5cf	2018-03-09 02:54:48	2018-03-09 02:15:11	1025176	989307	3993097	536870912	20000000	100000000000000000000000000000	98f121e654831166f455abef6df8f8949e178b279a65824c7b1b5b015393dfb1	3294965645	391481763	3290605988755	0000000000000000000000000000000000000000013ca3e11eda9efbbc034a76	03aad207fabe6d6d0fb0827f44001068e29bb49eb8500692c489f6751fd1e1d0ab14f7df192022e30100000000000000046506001a3a6182c40100e6b02f736c7573682f	303	99	6651	687	196977526264	19147042	198227526264	19268548	6246458	607.1819	6095.27	0.5925	1564.77	0.1521	3562.3409438105	1250000000	121505.25	1256246458	122112.4297	SlushPool
512683	0000000000000000000c8fcec001296fb8905e83c1867137d1b9c7d9f7e1cee1	2018-03-09 03:09:43	2018-03-09 02:21:14	1095443	965889	3993110	536870912	20000000	100000000000000000000000000000	6beaf76d00c22865175ef2495a753d2be491753fe2e4b920a662388674ccaee7	81571032	391481763	3290605988755	0000000000000000000000000000000000000000013ca6df493f74f3923e2c98	03abd207184d696e656420627920416e74506f6f6c343560205aa1faf7fabe6d6dc679829fcad05d9d7d0b057964e5a5e65f474d4d05b8d7977b002b8a7a320adf0400000000000000730b0000f9c40000	1836	575	5293	5651	1273771144754	123815904	1275021144754	123937408	34652724	3368.3904	31643.1	3.0758	8678.19	0.8435	495784.01361965	1250000000	121505.25	1284652724	124873.6406	AntPool
512684	000000000000000000173f21b15ec79054f46f3275b0022a4c4048aaebf9534c	2018-03-09 03:21:54	2018-03-09 02:23:29	1081919	970319	3992876	536870912	20000000	100000000000000000000000000000	3de4ebca9e93c66861de186ea4ad8dfb390ed9e913b2a2f43d5d77449f4eb8ba	2042713460	391481763	3290605988755	0000000000000000000000000000000000000000013ca9dd73a44aeb68790eba	03acd20704abfda15a642f4254432e434f4d2ffabe6d6d1d223b0d5737764d1793fa4a461834f46adbfbe938c2c7cccc870be7e9f015df01000000000000006e378348b3adaa8a00000000	1446	478	5967	3505	772207422898	75061808	773457422898	75183312	22261699	2163.9307	20582.3	2.0007	5575.67	0.542	32696.054413107	1250000000	121505.25	1272261699	123669.1797	BTC.com
512685	00000000000000000021da989e4499a2e7824fde96ea22bc8d344f018e726f8e	2018-03-09 03:22:09	2018-03-09 02:44:18	1039533	984518	3993087	536870912	20000000	100000000000000000000000000000	579184e1711eb4b8363abeaca6355e601cbc84156e95ade864a4e1b0a048c875	2222144943	391481763	3290605988755	0000000000000000000000000000000000000000013cacdb9e0920e33eb3f0dc	03add20741d6a87f7900e51341d6a87f786673122f4254432e544f502ffabe6d6dc01a67196fceb27ee3acab200b91d9b84d6fa236daab97bc16f6c970b4c3ad9b8000000000000000f6006bd4e9e6000000000000	177	81	6699	968	29285826885	2846705.25	30535826885	2968210.5	3102388	301.5652	2985.36	0.2902	777.15	0.0755	3537.6395516625	1250000000	121505.25	1253102388	121806.8125	BTC.TOP
512686	000000000000000000335ff3db12a4a190f92c3d76dd8ab18b96f8d9a38deea3	2018-03-09 03:29:48	2018-03-09 02:52:23	1077568	971861	3993151	536870912	20000000	100000000000000000000000000000	f85a4c227977997e490e8ac02ea74788ca9e9ddc35fbc601e9d337ea92c51b85	1398916744	391481763	3290605988755	0000000000000000000000000000000000000000013cafd9c86df6db14eed2fe	03aed20704a3ffa15a672f4254432e434f4d2ffabe6d6de26b07878772d9411d3c4aa894503cc862f88e701ef9ede3d6ac58f0eeb5f0be01000000000000008334c584154a249000000000	916	282	6446	2043	545053421886	52981480	546303421886	53102988	14744848	1433.2611	13687.6	1.3305	3693.07	0.359	5960.5922112976	1250000000	121505.25	1264744848	122938.5078	BTC.com
512687	0000000000000000005463854d4551e467effb6d9d613cf4bbc5c93a90b41292	2018-03-09 03:40:36	2018-03-09 02:54:48	1103058	963132	3992454	536870912	20000000	100000000000000000000000000000	0ef71ba93323777a0688fb0c3b37698025016c6f19fda00704f7b655e1c76f1e	3478839133	391481763	3290605988755	0000000000000000000000000000000000000000013cb2d7f2d2ccd2eb29b520	03afd207043502a25a642f4254432e434f4d2ffabe6d6d2268c50f759485988889895f564618b546047cfb2aab24b4990d855526efec9c01000000000000003c05f9d7000049c8a5640100	1379	476	6173	3361	1134075135165	110236864	1135325135165	110358368	32249521	3134.7888	29245.1	2.8427	8078.03	0.7852	21703.603113705	1250000000	121505.25	1282249521	124640.0391	BTC.com
512688	00000000000000000021506caf1d355d81007d952ab3b5a89f0fc16cb7975975	2018-03-09 03:44:34	2018-03-09 03:09:43	1131338	953839	3992855	536870912	20000000	100000000000000000000000000000	4415f3bcfbf17c88a47f0a08a6d3b96e192acb1407bd9c86c2309e2ac3b6d56b	2101136790	391481763	3290605988755	0000000000000000000000000000000000000000013cb5d61d37a2cac1649742	03b0d207041803a25a612f4254432e434f4d2ffabe6d6d9d169c6ce25725bfc8a3b3ca25576780692e035dc0a471e16b94d00dc1bb1af601000000000000007109df449103004000000000	522	206	6589	2774	222306277204	21609104	223556277204	21730608	8795851	854.9937	7776.97	0.756	2203.32	0.2141	4513.970896966	1250000000	121505.25	1258795851	122360.2422	BTC.com
512689	00000000000000000009de3e5d8e58cb708f5d47ce75564990fdd72ccdab2934	2018-03-09 03:58:00	2018-03-09 03:21:54	1077848	971534	3992450	536870912	20000000	100000000000000000000000000000	702565c1dfd60abfcf0c5f2e4bba265e6ef138aed186b533c1df245ccb405aa0	1090473274	391481763	3290605988755	0000000000000000000000000000000000000000013cb8d4479c78c2979f7964	03b1d207044806a25a612f4254432e434f4d2ffabe6d6d185d4474fab93473aefdb5ce0d31c962b5bfb23b5ae5e8d2a4aa3fda992caaa601000000000000004000afb0ee78000000000000	1573	537	5842	4071	1355209837177	131732088	1356459837177	131853592	25299317	2459.2	23479.2	2.2823	6336.92	0.616	23545.340183783	1250000000	121505.25	1275299317	123964.4453	BTC.com
512690	000000000000000000504eef9a251d1f8443efd3d677d20fe215e5fac93ebcb4	2018-03-09 03:59:20	2018-03-09 03:22:09	1026485	988833	3992984	536870912	20000000	100000000000000000000000000000	d9d9062d75ef523e3ca361e2a1b52f7f085c498b9c4d53a20e85c9aa8b7d8500	3839732345	391481763	3290605988755	0000000000000000000000000000000000000000013cbbd272014eba6dda5b86	03b2d207049806a25a642f4254432e434f4d2ffabe6d6da3191968e938baff99eddd16e1f0af812953b659754d3a814f3c14892a828c3d010000000000000065633473495b040000000000	219	56	5758	474	63350004227	6157886.5	64600004227	6279391.5	3707091	360.3448	3612.58	0.3512	928.652	0.0903	3874.6821591147	1250000000	121505.25	1253707091	121865.5938	BTC.com
512691	00000000000000000053fe1529b5aaa31cf94a09697ce628581065ff7c9fbd11	2018-03-09 04:01:17	2018-03-09 03:29:48	1014575	991626	3989453	536870912	20000000	100000000000000000000000000000	1741b4fdd650325c27e8339bb8ca98f82d24c9e59b640620fece9ad1f40711c5	3058184737	391481763	3290605988755	0000000000000000000000000000000000000000013cbed09c6624b244153da8	03b3d207184d696e656420627920416e74506f6f6c343560205aa2070dfabe6d6dc679829fcad05d9d7d0b057964e5a5e65f474d4d05b8d7977b002b8a7a320adf04000000000000004d0200004a940200	361	88	3772	846	191799848586	18643750	193049848586	18765256	9756123	948.3361	9619.12	0.935	2446.13	0.2378	316906.77963839	1250000000	121505.25	1259756123	122453.5859	AntPool
512692	0000000000000000002420508ecb3b05839692fef8d8fbed5df5d5cb826ea896	2018-03-09 04:04:29	2018-03-09 03:40:36	1012068	993682	3993114	536870912	20000000	100000000000000000000000000000	3d84ce7f7ee6b192456007e5080bec7ef6963719da0daf7367c2c76d92f767f5	3528348889	391481763	3290605988755	0000000000000000000000000000000000000000013cc1cec6cafaaa1a501fca	03b4d20704ce07a25a652f4254432e434f4d2ffabe6d6d6b26ddef032b14bf6bcd463583db1ebdf29862cb9f4d616389a13a72b9b33cd901000000000000000298674ec2c7010000000000	456	115	3591	907	226617489593	22028172	227867489593	22149676	7035646	683.8943	6953.99	0.676	1762.36	0.1713	59280.805631534	1250000000	121505.25	1257035646	122189.1406	BTC.com
512693	000000000000000000503954d0f71ce85cf7f3804f26f4eca31f9ac0e1908f9d	2018-03-09 04:12:04	2018-03-09 03:44:34	1099769	964469	3993176	536870912	20000000	100000000000000000000000000000	664d22e9b99956b0df895fa1e9c6e68e09f0232caa33ce2f293eafa947c9d666	2682484034	391481763	3290605988755	0000000000000000000000000000000000000000013cc4ccf12fd0a1f08b01ec	03b5d20741d6a88265d3984641d6a882653043292f45324d2026204254432e544f502ffabe6d6d9b77fd7b99aa72bd3088d38cf00521f3ad483d9d209e55fc963bc738c5a735388000000000000000e700d5b816b1000000000000	940	322	6365	2230	657834627748	63944288	659084627748	64065792	12650278	1229.6602	11506.6	1.1185	3168.56	0.308	22699.60659277	1250000000	121505.25	1262650278	122734.9062	Unknown
512694	000000000000000000478924d047e0ee885e1f8ca19c5b06daf352dbaa6e3716	2018-03-09 04:26:08	2018-03-09 03:58:00	1101388	963798	3992782	536870912	20000000	100000000000000000000000000000	c222e7e740677542d5bc6f7793d271656a05fbffb57c6a4735dc15445c64533d	2851982786	391481763	3290605988755	0000000000000000000000000000000000000000013cc7cb1b94a699c6c5e40e	03b6d207174d696e656420627920416e74506f6f6c394b205aa20cdefabe6d6d6fd1688e827bffca2f3485a0fefd254a66fbf428087f3378a7902593b91e1bca0400000000000000c336000087df6db4	1702	635	5896	4062	1480888996043	143948624	1482138996043	144070128	33814093	3286.8718	30710.6	2.9852	8468.52	0.8232	23294.673296901	1250000000	121505.25	1283814093	124792.1172	AntPool
512695	0000000000000000002c2b14af9d4ffefe05ca5ca16422ee39715e88bf935aaf	2018-03-09 04:39:50	2018-03-09 03:59:20	1151484	947054	3992646	536870912	20000000	100000000000000000000000000000	77ec0432b352dd7b00ec79282620eb0e8feafb374b8572e2794aaecc04509726	1382181872	391481763	3290605988755	0000000000000000000000000000000000000000013ccac945f97c919d00c630	03b7d207041610a25a642f4254432e434f4d2ffabe6d6d8d4f7a3e8e32aacd73e48ada2b0ce7d4d9b992d3fdfd44c89844219422d0477e01000000000000003807eeb90000437c01190000	1717	602	6108	4269	1862732621297	181065440	1863982621297	181186944	36208353	3519.604	31453.9	3.0575	9068.57	0.8815	203919.59620288	1250000000	121505.25	1286208353	125024.8516	BTC.com
512696	000000000000000000084983814bf43d2a6b44beaa66f1ca2ebbd08ca9cb1589	2018-03-09 04:49:30	2018-03-09 04:01:17	1072814	973466	3993212	536870912	20000000	100000000000000000000000000000	9c97e8a88ede561c410ca66f9e7e6c0765df9a07397c6b24bfeb90501f4a2aad	4277213965	391481763	3290605988755	0000000000000000000000000000000000000000013ccdc7705e5289733ba852	03b8d207192f5669614254432f4d696e65642062792066616b313730302f2cfabe6d6dfb97907b3c70a0b1a787c3a87f1f7a9510ef455f9641b0433adf9421f4334fae010000000000000010d3dcc8000ebfdacc2227caceb31249a2	1247	435	5656	5045	1039154610126	101010192	1040404610126	101131696	22720926	2208.5693	21185.6	2.0594	5690.41	0.5531	21734.476741529	1250000000	121505.25	1272720926	123713.8203	ViaBTC
512697	0000000000000000001f900a5667ef06189f8e34a2caf58a6a3fc40a69b0b1d7	2018-03-09 04:58:56	2018-03-09 04:04:29	1076302	972254	3993064	536870912	20000000	100000000000000000000000000000	a2c86c8bf210a55852f41df497f6d3e2700fdb3dc57c0814993a298c13fee001	3783564998	391481763	3290605988755	0000000000000000000000000000000000000000013cd0c59ac3288149768a74	03b9d207fabe6d6d067d3d0fb4341c033fc408585c80e011701e4d08618811bd8b56f1bcd700a622010000000000000029650800886327730100801edc032f736c7573682f	1414	389	5966	3376	879003036716	85442784	880253036716	85564288	32627405	3171.5208	30324.9	2.9477	8172.17	0.7944	9344.3751989112	1250000000	121505.25	1282627405	124676.7734	SlushPool
512698	0000000000000000002811f0048eac3a69555651e2f86ff1367fd7585c6cd2a5	2018-03-09 05:21:07	2018-03-09 04:12:04	1112683	960147	3993124	536870912	20000000	100000000000000000000000000000	d300d07e6bf0267d7113cbe67220c3d80a2c643997b8d3478505b1a8c2b64cd6	1452899882	391481763	3290605988755	0000000000000000000000000000000000000000013cd3c3c527fe791fb16c96	03bad20704c419a25a612f4254432e434f4d2ffabe6d6daaa68008b46316b535bb6b9e4507ad4783bcc2490ccde267e3dd4e6d2c349eaa01000000000000004908e8f9c0fa010000000000	2810	812	5255	6771	1847892524248	179622912	1849142524248	179744416	73000901	7095.9941	65627.2	6.3792	18278.9	1.7768	23286.883461354	1250000000	121505.25	1323000901	128601.2422	BTC.com
512699	0000000000000000001390634e191092d2dd414f05eaeef8b623c4cd350dbdc5	2018-03-09 05:26:14	2018-03-09 04:26:08	1069009	974756	3993277	536870912	20000000	100000000000000000000000000000	1ca4ea0e72d2b6eb3b3b77be026113a41318bdb889ca3bbd1cb6082af4bd50c5	3338814453	391481763	3290605988755	0000000000000000000000000000000000000000013cd6c1ef8cd470f5ec4eb8	03bbd20741d6a886be59727741d6a886bdb8aef32f45324d2026204254432e544f502ffabe6d6d8f2b6a9760cfb004584428e6718c3743b8d472c46382a77a5a87679357d7254d8000000000000000e600eb5655f7000000000000	941	343	6020	2612	561663921800	54596092	562913921800	54717596	11328558	1101.1833	10601	1.0305	2837.41	0.2758	20466.496762383	1250000000	121505.25	1261328558	122606.4297	Unknown
512700	0000000000000000003ed5f811e00064395bf00ed4a49f01e68f3b7b966dfa46	2018-03-09 05:45:34	2018-03-09 04:39:50	1113112	960003	3993121	536870912	20000000	100000000000000000000000000000	f32eb301ac212cfea016af4e4e49387fc11d025271fa3e761389f0eeb785cea8	837220841	391481763	3290605988755	0000000000000000000000000000000000000000013cd9c019f1aa68cc2730da	03bcd207fabe6d6dcd6577705b718e21dce3f67ebb994a6b137e627d1cd65af0233a2b3f0abba85a0100000000000000016507005f2593c715000005ad022f736c7573682f	2739	714	5119	6513	1622342017335	157698464	1623592017335	157819968	82171729	7987.437	73846.4	7.1781	20577.9	2.0003	61461.326555717	1250000000	121505.25	1332171729	129492.6875	SlushPool
512701	0000000000000000005255ea96579a5cfb5abd64d24b9db906d63f296c4ddabc	2018-03-09 05:55:22	2018-03-09 04:49:30	1108089	961468	3992493	536870912	20000000	100000000000000000000000000000	1017afcbc192f27105efa90d32cc2119c6e62f367983966d30fa5a8502955fd8	3088362595	391481763	3290605988755	0000000000000000000000000000000000000000013cdcbe44568060a26212fc	03bdd207172f5669614254432f4d696e65642062792077743731332f2cfabe6d6d02dc7fd85964d5e5b517fe4ecc942ec4fd701741c20e9e0bbd441505ace36b8901000000000000001037dd6500442dd30866c95a88ec7ec556	1627	434	5545	5323	5377186690984	522685120	5378436690984	522806624	43064168	4186.0181	38875.4	3.7788	10787.2	1.0485	2199295.3998251	1250000000	121505.25	1293064168	125691.2656	ViaBTC
512702	00000000000000000018b25ccd840a2f4c1345662a4aa85a51950de15b44c48f	2018-03-09 06:23:00	2018-03-09 04:58:56	1125731	955763	3993020	536870912	20000000	100000000000000000000000000000	5984b7378014a823fce8241c7a77844dc0b287960b826e34a037c9bf7d9268c5	1995030569	391481763	3290605988755	0000000000000000000000000000000000000000013cdfbc6ebb5658789cf51e	03bed207174d696e656420627920416e74506f6f6c6835205aa22844fabe6d6dae17f6f797d39939f563bbee6ee62ca177713dc9b57d62ecf362f56c804ac7760400000000000000d57500008a730100	2751	883	5088	7684	2058935258086	200137152	2060185258086	200258656	66484281	6462.5513	59076.1	5.7424	16647	1.6182	298704.95600677	1250000000	121505.25	1316484281	127967.7969	AntPool
512703	0000000000000000004bb02b3ea55209eed8331625c6ea42c99e1597bb7a4371	2018-03-09 06:25:14	2018-03-09 05:21:07	1093413	966457	3992784	536870912	20000000	100000000000000000000000000000	20363eadf4c8f17263a066727278f41a0212b013baae22aa3877c1772ec7f035	596788291	391481763	3290605988755	0000000000000000000000000000000000000000013ce2ba99202c504ed7d740	03bfd2070004ca28a25a046d8ffb2c0c40105a5acbd58d5a2dd101002cfabe6d6dec360b335a70a7e9cd4085f278e83d404be67b32283c9c3dcee700153bb6ce5f0100000000000000152f426974436c7562204e6574776f726b2f4e59412f	1123	381	6056	2960	1171675000387	113891728	1172925000387	114013232	8777099	853.1709	8029.79	0.7805	2198.54	0.2138	810725.97619268	1250000000	121505.25	1258777099	122358.4219	BitClub Network
512704	0000000000000000002b907d70171d7cae1224f12eb7040389618d3510046d59	2018-03-09 06:48:35	2018-03-09 05:26:14	1076289	972301	3993192	536870912	20000000	100000000000000000000000000000	a22cce92e6ebfaf8362eca46170c83703698f6b2085dd74c1d1d8a7685899a8f	3971213934	391481763	3290605988755	0000000000000000000000000000000000000000013ce5b8c38502482512b962	03c0d20704432ea25a642f4254432e434f4d2ffabe6d6dc6bf6468e08ab575051785d404ba9d82ec5ca477c558cf7b6c0bae2cbd1b40e001000000000000000301957f1b6b000000000000	1987	258	5306	5573	1573774472208	152977488	1575024472208	153098992	86434458	8401.792	80332.2	7.8086	21649.7	2.1045	27437.215523843	1250000000	121505.25	1336434458	129907.0391	BTC.com
512705	0000000000000000000c046b39f2d1d29cd007ff5bc4743b0143e5d799b5ae1c	2018-03-09 07:10:28	2018-03-09 05:45:34	1142971	950071	3993184	536870912	20000000	100000000000000000000000000000	9c252c05ecc175093f4862858727d3529f27f5733a9931f898aa27e9979470f2	3739046007	391481763	3290605988755	0000000000000000000000000000000000000000013ce8b6ede9d83ffb4d9b84	03c1d2071a2f5669614254432f4d696e65642062792079756e6e616e73392f2cfabe6d6d22fcfafa1edd20a1ad8597ae46013af22f39ba116e620dbce4a1464a77c2e76c010000000000000010a5ddf6011d36e3be07a3872c91250200	2773	1125	5301	7005	1786339703063	173639728	1787589703063	173761232	47181998	4586.2886	41292.6	4.0139	11811.8	1.1482	33333.358762108	1250000000	121505.25	1297181998	126091.5391	ViaBTC
512706	00000000000000000054ce88dc6b118606961640b93faadeb8be94255e577766	2018-03-09 07:16:10	2018-03-09 05:55:22	1083423	969776	3992751	536870912	20000000	100000000000000000000000000000	40374513999f74fcef496a70e6fa8ce52f87c4d3e042e558007a199108c2da93	2831458581	391481763	3290605988755	0000000000000000000000000000000000000000013cebb5184eae37d1887da6	03c2d20741d6a88d2f1c26ca41d6a88d2e89ac582f4254432e544f502ffabe6d6da680b51a263c0025ccfc0fa7b499b8298954952467775d3b142e16d7c5ae87fd8000000000000000c7006787e145000000000000	1749	513	5968	4145	1253006398247	121797480	1254256398247	121918992	18946630	1841.692	17493.2	1.7004	4745.44	0.4612	53459.089242463	1250000000	121505.25	1268946630	123346.9375	BTC.TOP
512707	00000000000000000026d8f213d98803cb2db2b98d0dad7d4e0411fde0df9ed4	2018-03-09 07:28:00	2018-03-09 06:23:00	1177112	938618	3992966	536870912	20000000	100000000000000000000000000000	6dbcf04a26b14ce523fb4093a01db4265ee08169532d597fbe75bc2e357c21e1	1410617968	391481763	3290605988755	0000000000000000000000000000000000000000013ceeb342b3842fa7c35fc8	03c3d20741d6a88de10895f641d6a88de00d3b542f4254432e544f502ffabe6d6d9c5bb138f0818665400d766c78112d7372352d3d6b23d2dd526394de7a42ea288000000000000000c80010467c8f000000000000	1999	794	5265	5987	942277798373	91593360	943527798373	91714864	21149689	2055.8386	17972.6	1.7471	5296.3	0.5148	15820.655392446	1250000000	121505.25	1271149689	123561.0859	BTC.TOP
512708	00000000000000000033273e2aef827c95b997ad41101e75e84f0328fdf8f47c	2018-03-09 07:29:12	2018-03-09 06:25:14	1007978	994977	3992909	536870912	20000000	100000000000000000000000000000	ca29d8b77fea6cbc68de3376a7bf4034adff651e9a4803a9b04a4a5ee01d9b53	2980923810	391481763	3290605988755	0000000000000000000000000000000000000000013cf1b16d185a277dfe41ea	03c4d207174d696e656420627920416e74506f6f6c331c205aa237c8325c00008e1e0300	233	60	6367	1746	87842632258	8538673	89092632258	8660178	4229720	411.1465	4197.43	0.408	1059.55	0.103	2005.0479181456	1250000000	121505.25	1254229720	121916.3984	AntPool
512709	000000000000000000197fc67d9a9a549deca971c94338864386aabf6ad497a6	2018-03-09 07:31:56	2018-03-09 06:48:35	1035494	985735	3992699	536870912	20000000	100000000000000000000000000000	ab9a3fa5e9e5dedf562354ddfc9009d3a8a649efb5ff8860cca10daaed69c058	649115821	391481763	3290605988755	0000000000000000000000000000000000000000013cf4af977d301f5439240c	03c5d207046d38a25a612f4254432e434f4d2ffabe6d6d9306040a07ab34a8619a290cf0377b7c3c869d871a39da634c7aec94ce8478f801000000000000007042d422c393000000000000	505	143	6497	1319	252145237142	24509576	253395237142	24631082	16790923	1632.1482	16220.5	1.5767	4206.35	0.4088	775.31953844064	1250000000	121505.25	1266790923	123137.3984	BTC.com
512710	0000000000000000000e96e657244bb6c5093d55fdc8679d4959ab212028a6b0	2018-03-09 07:52:46	2018-03-09 07:10:28	1154984	945958	3992858	536870912	20000000	100000000000000000000000000000	94ddb255a15d1ff5df4a42ec1f1539e94ed2827d1869702f09b7abacb8f42b9b	494960875	391481763	3290605988755	0000000000000000000000000000000000000000013cf7adc1e206172a74062e	03c6d207044e3da25a642f4254432e434f4d2ffabe6d6da2a23e36cf08e7a81edb9c4f31ad185e09054c9c46960b4e5561b36f5dd628140100000000000000380ff2f00000e5aba1840000	2560	959	5197	7117	1773678789763	172409024	1774928789763	172530528	41189231	4003.7661	35672.2	3.4675	10313.4	1.0025	23176.137095815	1250000000	121505.25	1291189231	125509.0156	BTC.com
512711	0000000000000000004f66cdd79d31abaca81cada96b4a414ac0d59454aa5de2	2018-03-09 08:11:43	2018-03-09 07:16:10	1151472	947172	3992988	536870912	20000000	100000000000000000000000000000	320850910f04251e9c3626c6ac582745d6ce49d327984acff2c72ec50ddab626	4130026330	391481763	3290605988755	0000000000000000000000000000000000000000013cfaabec46dc0f00aee850	03c7d207184d696e656420627920416e74506f6f6c313262205aa241bffabe6d6dd34fcbc1d5a8c566ac326b8c29cb7ae2978dbbc517d6b5cfaca5ad1157803e8804000000000000006f03000031d80200	2282	796	5144	7285	1648224292229	160214320	1649474292229	160335824	38674646	3759.3379	33596.8	3.2658	9684.54	0.9414	42152.433952303	1250000000	121505.25	1288674646	125264.5859	AntPool
512712	0000000000000000004f19ccf2e80167ef51788c89023987331ce0487a161832	2018-03-09 08:27:00	2018-03-09 07:28:00	1119243	957974	3993165	536870912	20000000	100000000000000000000000000000	a93d50ad81503c62377133a35291943a629bbbb50e7baaa91a57d7a7320a8341	1083405150	391481763	3290605988755	0000000000000000000000000000000000000000013cfdaa16abb206d6e9ca72	03c8d207fabe6d6d1c641d2fa21797b30f30e47c45a998354cb155d0bfc814b4819c45185032dbe50100000000000000016507004ae10e160d0000abaf022f736c7573682f	1860	612	5839	4683	1215729309407	118173992	1216979309407	118295496	36908997	3587.7095	32987.7	3.2066	9243.29	0.8985	23524.63595924	1250000000	121505.25	1286908997	125092.9609	SlushPool
512713	00000000000000000054bcda6806b45ec5d3fcf7e5010934de16a3bfc0003410	2018-03-09 09:08:20	2018-03-09 07:29:12	1090965	969110	3998295	536870912	20000000	100000000000000000000000000000	bc79e42384aba028b395e0a17a67f47d9714b9c18037a992b720744b70fdc6de	3320308980	391481763	3290605988755	0000000000000000000000000000000000000000013d00a8411087fead24ac94	03c9d2072cfabe6d6da935347933ab223d467de557b2450cc7a654c7d9a5115321e7efca69d4f9d74604000000f09f909f134d696e65642062792077656c6c696e67746f6e00000000000000000000000000000000000000000000000000000000000000	2020	361	4564	9514	1752816491398	170381120	1754066491398	170502624	69247583	6731.1558	63494.6	6.172	17322.1	1.6838	9529.9189399413	1250000000	121505.25	1319247583	128236.4062	F2Pool
512714	00000000000000000029bee148322eedab9bd87096350ec3cf758329f2cebd83	2018-03-09 09:13:40	2018-03-09 07:31:56	1172188	940348	3993232	536870912	20000000	100000000000000000000000000000	79e3aea16d2b47eb655db9b220fc259ace61bca12eb5ab35c862010601db7fab	742585462	391481763	3290605988755	0000000000000000000000000000000000000000013d03a66b755df6835f8eb6	03cad20741d6a89411ca459441d6a894111deb712f4254432e544f502ffabe6d6dc25e9e1985ab2af2d565b367e3bdb41263c8ffd1d7537372b8c89de174a7320f8000000000000000fa00b603e622010000000000	2948	1248	5410	6652	1061909963444	103222104	1063159963444	103343616	17157153	1667.7473	14641.1	1.4232	4294.93	0.4175	21857.820305125	1250000000	121505.25	1267157153	123173	BTC.TOP
512715	0000000000000000001ad5132e154a95815e523049f08656d11cce825d476a17	2018-03-09 09:23:53	2018-03-09 07:52:46	612833	536014	2220875	536870912	20000000	100000000000000000000000000000	8cdd01f5b30aee4ab729cb78601843c47bdd3c4486f4582c5c51fc80d595afcb	257840905	391481763	3290605988755	0000000000000000000000000000000000000000013d06a495da33ee599a70d8	03cbd2072cfabe6d6dec3a1bd1d7b7d69bf11278ac8e54152b7e6dfb81fe9f82e7108d589e7744b7e304000000f09f909f104d696e6564206279206666726f6d657200000000000000000000000000000000000000000000000000000000000000000000	1195	313	2967	3059	618548481296	60125508	619798481296	60247016	28048237	2726.4065	45795.1	4.4515	12633.3	1.228	5100.3487809107	1250000000	121505.25	1278048237	124231.6562	F2Pool
512716	0000000000000000002979eeaff95786f687ccf7b653a73dcb80e039289009c4	2018-03-09 09:29:39	2018-03-09 08:11:43	1106741	962149	3993188	536870912	20000000	100000000000000000000000000000	2f7d0d69ce67741ae01ecaa67920c650b33af8565f7f1155f5bfc6d0ecc2f202	1524813017	391481763	3290605988755	0000000000000000000000000000000000000000013d09a2c03f09e62fd552fa	03ccd207bcfb653d732b0d788318bc3901591931d01a3f78cde3e460e4e943545ac24546fabe6d6db9ec1d0c72c8023be302370ef3bb1ce8b815b2e7e103edcf61c8cf24295e16bf01000000000000001cb00321da67120000000000	1552	528	5775	4382	3234430876437	314400256	3235680876437	314521760	12053272	1171.6287	10894.2	1.0589	3018.61	0.2935	1398272.9318202	1250000000	121505.25	1262053272	122676.875	Unknown
512717	000000000000000000073b0ce13172f3e26b21d4152bf26ce0562c886ed9c6ab	2018-03-09 09:37:21	2018-03-09 08:27:00	1072093	973545	3992728	536870912	20000000	100000000000000000000000000000	e896bf7c3b5c2c7d4b9bd34190145d7b5b9cbaa081140ba0140a259e4c42568e	119848361	391481763	3290605988755	0000000000000000000000000000000000000000013d0ca0eaa3dfde0610351c	03cdd20704d155a25a642f4254432e434f4d2ffabe6d6dac09bf10bafeb572f6f13e6c4b4bc6903b48c4c600868ac3ea46406ae66f364f01000000000000006c1712c993951b0000000000	974	278	6217	2573	478378828467	46500432	479628828467	46621936	25594688	2487.9111	23880.8	2.3213	6411.31	0.6232	4339.1115999582	1250000000	121505.25	1275594688	123993.1641	BTC.com
512718	00000000000000000052c087093bc4525675be7b506701496dc8dc658ea2f736	2018-03-09 09:44:51	2018-03-09 09:08:20	1045336	982475	3992761	536870912	20000000	100000000000000000000000000000	3253b2e627c26274b35d2e9619b2ee50ad5229aa919591d4761cac5bc6f48a36	300221191	391481763	3290605988755	0000000000000000000000000000000000000000013d0f9f1508b5d5dc4b173e	03ced207fabe6d6d07cfd3ec9f06e8a44742838ac696144f36884241f54c02a0390b0da9592ea1d0010000000000000003650800645109ddaaaa2ae6b0022f736c7573682f	918	276	6194	2488	420063990208	40831984	421313990208	40953488	18362789	1784.9402	17572.7	1.7082	4599.96	0.4471	19503.972788624	1250000000	121505.25	1268362789	123290.1875	SlushPool
512719	000000000000000000171133c369cb1fc5b343536ceac48b4fb4aead8ae230b2	2018-03-09 09:51:11	2018-03-09 09:13:40	1055750	979098	3993044	536870912	20000000	100000000000000000000000000000	435507c2ff2c4678f576ba4f9d9e2447fc5db48317670d6b18051e282191f28b	1529159560	391481763	3290605988755	0000000000000000000000000000000000000000013d129d3f6d8bcdb285f960	03cfd207fabe6d6db5439a35ea0723240cf9fb1964d9a278935bcbc0c30b4b8ad28dddfa71704f4c01000000000000002865050089629238c20202f3e2032f736c7573682f	897	289	6326	2283	401591958702	39036424	402841958702	39157932	20072357	1951.1174	19019.1	1.8487	5027.78	0.4887	8725.0987688401	1250000000	121505.25	1270072357	123456.3672	SlushPool
512720	0000000000000000004271a2a332bffa8c3f5414311a1cbb03d2d134ada102ce	2018-03-09 09:53:55	2018-03-09 09:23:53	143149	125887	520810	536870912	20000000	100000000000000000000000000000	5891a4b9df1536620c3997e96b863ff442f3ebbf43c2b91a0613ba3c14313f9b	1816092679	391481763	3290605988755	0000000000000000000000000000000000000000013d159b69d261c588c0db82	03d0d2072cfabe6d6d231cddd10cd578077bcc686f82271ca72f5b702a382a7166eaba26bf55b70f5c04000000f09f909f0e4d696e6564206279206866323461000000000000000000000000000000000000000000000000000000000000000000000000	334	85	696	797	103597793893	10070141	104847793893	10191646	6291869	611.5961	44064.1	4.2832	12107.6	1.1769	2645.5429800455	1250000000	121505.25	1256291869	122116.8438	F2Pool
512721	0000000000000000000137081aedee5658ca679f17bfbdd7f2f584a7ec562bb2	2018-03-09 10:28:07	2018-03-09 09:29:39	1141126	950702	3993232	536870912	20000000	100000000000000000000000000000	e7e22ed2bdfeefe517a05960a77b525bff9fe4420f9a3afaf338f71341994643	4196272919	391481763	3290605988755	0000000000000000000000000000000000000000013d1899943737bd5efbbda4	03d1d20741d6a8986e695fd741d6a8986d657e2a2f45324d2026204254432e544f502ffabe6d6d3fcedd0fda94e007c7780620246a4d5a9a70007e658040976bc962ac1e302bf88000000000000000e7006a136f8fe3b800000000	2035	395	5189	5956	1638987809339	159316496	1640237809339	159438000	66048211	6420.1636	57898.9	5.628	16543	1.608	13499.951251375	1250000000	121505.25	1316048211	127925.4141	Unknown
512722	0000000000000000003a05462a2b884d901423884841207b287523594f8e68e7	2018-03-09 10:30:21	2018-03-09 09:37:21	1167292	941829	3992779	536870912	20000000	100000000000000000000000000000	956eea1c8f61369c258401a69b6a6f441213df1f0c35b8e10efe4757dd0e5971	1933540050	391481763	3290605988755	0000000000000000000000000000000000000000013d1b97be9c0db535369fc6	03d2d207174d696e656420627920416e74506f6f6c363f205aa2623dfabe6d6d6fd1688e827bffca2f3485a0fefd254a66fbf428087f3378a7902593b91e1bca0400000000000000de140000db2c0100	2148	914	4396	10183	4432784884017	430885312	4434034884017	431006816	9754830	948.2104	8359.17	0.8125	2442.62	0.2375	15750.463392197	1250000000	121505.25	1259754830	122453.4609	AntPool
512723	0000000000000000003cd44eaccc0e96ca2478f4197c6ad8d3f71e7ed4586e37	2018-03-09 10:35:58	2018-03-09 09:44:51	197172	171615	712017	536870912	20000000	100000000000000000000000000000	8ac4047ce3222eb70ce0f57647e4b5b0cd914cd0f961664fc435d3c033b457ca	2700436500	391481763	3290605988755	0000000000000000000000000000000000000000013d1e95e900e3ad0b7181e8	03d3d207272f706f6f6c2e626974636f696e2e636f6d2f4542312f41443939392f464732403439343738342f10a0216400f59019bdc99e282ae538d402	335	43	901	1009	236240531422	22963572	237490531422	23085076	15269713	1484.2803	77566.4	7.5397	21477.7	2.0878	1191.4730976388	1250000000	121505.25	1265269713	122989.5312	Bitcoin.com
512724	00000000000000000038f7eaf889478ececba56a4a10b6d0b5d2c9c238e20f48	2018-03-09 10:56:05	2018-03-09 09:51:11	1108819	961442	3993145	536870912	20000000	100000000000000000000000000000	8101641e49cff7f0b099213bbc76c847af22c8dc395a173e0d20f6270b7cfb43	2721361858	391481763	3290605988755	0000000000000000000000000000000000000000013d21941365b9a4e1ac640a	03d4d20741d6a89a120a2a7c41d6a89a1169cc4b2f4254432e544f502ffabe6d6de35b75b8a5c94653db9487b1ffeafdedacdd4534bbe73d54c335b367c51107488000000000000000db0027a99bcb410000000000	2288	617	5371	5868	1089470320662	105901088	1090720320662	106022592	34157584	3320.2605	30814.7	2.9953	8553.84	0.8315	22374.88247518	1250000000	121505.25	1284157584	124825.5078	BTC.TOP
512725	0000000000000000002f6881cf911945d8d18c1fdd684dd0111fed2386605d90	2018-03-09 10:57:16	2018-03-09 09:53:55	1130414	954176	3992942	536870912	20000000	100000000000000000000000000000	89b434393fa16a6ae900387ff03587c90e5f045b71848d7b4b228c9cb1dc4ccf	4273135294	391481763	3290605988755	0000000000000000000000000000000000000000013d24923dca8f9cb7e7462c	03d5d207fabe6d6d137c9f5d3c460c120c0f95986c7d844d7ac6bf0f70a28b5fe20c30768bea371a01000000000000002665070065cb75000a5944cad2022f736c7573682f	648	306	2051	19183	1768451379411	171900896	1769701379411	172022400	5063332	492.1771	4480.66	0.4356	1268.33	0.1233	29571.462707359	1250000000	121505.25	1255063332	121997.4297	SlushPool
512726	00000000000000000026113c119d2998833e9c27b00ea3946d3ce0ed4ff623fb	2018-03-09 10:58:32	2018-03-09 10:28:07	1252648	913332	3992644	536870912	20000000	100000000000000000000000000000	d228ae9ab01edbfc3de1559881a0fb98341aa261511fe83ba0af02fad005d9db	2762093468	391481763	3290605988755	0000000000000000000000000000000000000000013d2790682f65948e22284e	03d6d20704da68a25a652f4254432e434f4d2ffabe6d6df958b2093358ef826524c4832d93852ca79778037a9690b5d26e14cf00a84f0d010000000000000005c213b3735f010000000000	274	123	2768	14338	86108525422	8370110.5	87358525422	8491616	6622853	643.7691	5288.46	0.514	1659.18	0.1613	1860.3135821	1250000000	121505.25	1256622853	122149.0156	BTC.com
512727	0000000000000000003a821553714025c7d56e8f8ef6e16293c379223c2a63bc	2018-03-09 11:02:50	2018-03-09 10:30:21	367986	341745	1393221	536870912	20000000	100000000000000000000000000000	45cf518829239c05f8a9368f935aa127b660bc476725c67092a02904e4881c3f	163755897	391481763	3290605988755	0000000000000000000000000000000000000000013d2a8e92943b8c645d0a70	03d7d207174d696e656420627920416e74506f6f6c6738205aa269dafabe6d6da428489f0e4fe144d4899a2f0cfcaf509f8cafd66a01f5ec37686ee49db614ec040000000000000042140000bb1e0200	457	81	2071	1218	227829193631	22145954	229079193631	22267460	15171572	1474.7405	41265.8	4.0112	10897.8	1.0593	2250.3559285572	1250000000	121505.25	1265171572	122979.9922	AntPool
512728	00000000000000000052c3956c20d2f112b90480cd186ddf99ccedae3eec0f43	2018-03-09 11:09:43	2018-03-09 10:35:58	535245	500089	2035512	536870912	20000000	100000000000000000000000000000	2dfc8710f10917b97a90f976e5352adeadc49dffe03fc0c36676c99aeb83f503	3618064559	391481763	3290605988755	0000000000000000000000000000000000000000013d2d8cbcf911843a97ec92	03d8d2070004646ba25a04b7c0131908bc979d5a00072441092f426974667572792f	539	120	2500	2092	477990912474	46462724	479240912474	46584228	19136384	1860.1368	35771.6	3.4772	9404.98	0.9142	50927.034612388	1250000000	121505.25	1269136384	123365.3828	BitFury
512729	000000000000000000036173509f48d25778ba84b1e583f8e4c65959dcd7b39a	2018-03-09 11:16:15	2018-03-09 10:56:05	1135458	952635	3993363	536870912	20000000	100000000000000000000000000000	943dbf0056e23c72548a555b2c843e742bdec9be167b57b15fcabf5e67f12828	1595457809	391481763	3290605988755	0000000000000000000000000000000000000000013d308ae75de77c10d2ceb4	03d9d207132f6d696e65642062792067626d696e6572732f2cfabe6d6d4591e6cb97e32780e2b847d22a350606d986ac8c758a656700002dba05e051ea010000000000000010ffa366002da910ef4096f7a78ab0aa2a	1362	402	4207	10919	603177113116	58631348	604427113116	58752852	23271503	2262.0879	20502	1.9929	5828.41	0.5665	9569.9806248909	1250000000	121505.25	1273271503	123767.3359	GBMiners
512730	00000000000000000043e40350e157e35b0061b99a3b278c6f93422f5e56bb4c	2018-03-09 11:45:08	2018-03-09 10:57:16	1103585	963093	3992864	536870912	20000000	100000000000000000000000000000	1f6287b8abcd15aefcad0cc9a1676a75c84ed34826fc192b5bb105bbb53844ad	2656906026	391481763	3290605988755	0000000000000000000000000000000000000000013d338911c2bd73e70db0d6	03dad207182f5669614254432f4d696e6564206279206a696d6d79392f2cfabe6d6d9bd9d09d673865465d7dd2b5ffb64c21a39c0595e719e20ad5845cb1cacf755801000000000000001075d9d207d86af3c71312dbf457000100	2825	656	5075	7226	1534953277090	149203904	1536203277090	149325408	41792077	4062.3655	37881.1	3.6822	10466.4	1.0173	52474.408944613	1250000000	121505.25	1291792077	125567.6172	ViaBTC
512731	00000000000000000006a3eabb5ca31e8f7d75b175c34bee2903a85bdc6311b4	2018-03-09 11:53:34	2018-03-09 10:58:32	1134993	952702	3993099	536870912	20000000	100000000000000000000000000000	e5d5c135b33f070ee18d10a5bfe5a42fb459037f7f736236a5b64b798973dfdf	3427027688	391481763	3290605988755	0000000000000000000000000000000000000000013d36873c27936bbd4892f8	03dbd2075862d54b98b4206de81b4e29f3b8d70274167d6494be060b132f334a4744d70bfabe6d6dec0edd0765ada9aed453d028a82376ebf0687a80aa07ee0c4263cf4c5d00bffe01000000000000000075bff3b2ad1d0000000000	1662	511	5180	6112	1023399055204	99478688	1024649055204	99600192	23738290	2307.4614	20921.2	2.0336	5945.21	0.5779	22318.510356255	1250000000	121505.25	1273738290	123812.7109	Unknown
512732	0000000000000000000458be71f2c5de0330d13e47d09538b656934fafb4aacc	2018-03-09 11:57:30	2018-03-09 11:02:50	293688	269033	1100787	536870912	20000000	100000000000000000000000000000	cc5dcdfa371067f94b1699f004f2ab94b0b6de5918f874b6eed244f37748d631	2150197914	391481763	3290605988755	0000000000000000000000000000000000000000013d3985668c69639383751a	03dcd2072cfabe6d6d161a9d719a233cb9fe08a735896e0243c177bb62fe760670b62825bd9bdd763004000000f09f909f114d696e6564206279206461776569373737000000000000000000000000000000000000000000000000000000000000000000	412	105	1539	1384	82105729488	7981021.5	83355729488	8102527	10200137	991.4962	34773.8	3.3802	9275.52	0.9017	2322.278203683	1250000000	121505.25	1260200137	122496.7422	F2Pool
512733	0000000000000000004a570ac0aa050332013313f4549de1db7682757f300552	2018-03-09 11:58:04	2018-03-09 11:09:43	1220562	924149	3993009	536870912	20000000	100000000000000000000000000000	71329ae83517b25fa9b69c39009ee61533a58940bc9de96cca8c316b28797ad9	2727304194	391481763	3290605988755	0000000000000000000000000000000000000000013d3c8390f13f5b69be573c	03ddd207182f5669614254432f4d696e6564206279207a6c383838382f2cfabe6d6d07d2da705ec178b03c3f57d573016e71b5132cb1923d3d8b8dc92909dd093a3501000000000000001060df9201d7405ac10905760f4a4e0000	589	299	3870	11777	224573789924	21829516	225823789924	21951020	4303809	418.3483	3527.08	0.3428	1078.03	0.1048	3023.4507360668	1250000000	121505.25	1254303809	121923.5938	ViaBTC
512734	0000000000000000003b93035c7b0242c596dc7fe5e3b953a8f63f1be99371bd	2018-03-09 12:07:50	2018-03-09 11:16:15	1071842	973780	3993182	536870912	20000000	100000000000000000000000000000	540e200187df92a88040fcead4056182e3c939a5266e0dbdfdaf3f8bcf922bcc	246375780	391481763	3290605988755	0000000000000000000000000000000000000000013d3f81bb5615533ff9395e	03ded20700041679a25a04e44db0310c40105a5a8fd58d5a2e9900002cfabe6d6d882d40d6c2cad11d112279be912dd79c1e212a49391e145f4bcfd5405684ddda0100000000000000152f426974436c7562204e6574776f726b2f4e59412f	1373	334	5773	3736	722320867943	70212624	723570867943	70334128	31906338	3101.4299	29777.4	2.8944	7991.43	0.7768	4632.0941459393	1250000000	121505.25	1281906338	124606.6797	BitClub Network
512735	00000000000000000027475ba3ef933d6eeb2e0ebda4f6381fe3cca280c0081a	2018-03-09 12:58:35	2018-03-09 11:45:08	1088420	968235	3993125	536870912	20000000	100000000000000000000000000000	5bf31bdc78810e1225c5c66d84a38f564154ab26fb1c4283dd60352b834f8913	16173818	391481763	3290605988755	0000000000000000000000000000000000000000013d427fe5baeb4b16341b80	03dfd207fabe6d6dc1cdee1e2328b84cb45e34362c8dd0282d0a17872a0827f36658feb8b0f8cd5901000000000000002865070083750db81200000fe4032f736c7573682f	1753	303	5328	5792	2242187900470	217950080	2243437900470	218071584	101607881	9876.7129	93385.6	9.0775	25451.2	2.4739	20300.665616237	1250000000	121505.25	1351607881	131381.9688	SlushPool
512736	00000000000000000054efff234992359bba76d4be7c1de2f27e51d6c7de54d0	2018-03-09 12:58:40	2018-03-09 11:53:34	1091970	967002	3992976	536870912	20000000	100000000000000000000000000000	4ec8006ffea8a945ee9d51e6b3fa566b3bea0c977d8346bb109d4479711790bd	47517258	391481763	3290605988755	0000000000000000000000000000000000000000013d457e101fc142ec6efda2	03e0d20741d6a8a140b860db41d6a8a1403a39852f4254432e544f502ffabe6d6d78b98114c35c3776a8ef01820f23fd6b87f5762a07473c34b99b6b959fa39c848000000000000000d400282e183349ca00000000	2303	592	5511	5003	1184592904969	115147408	1185842904969	115268912	9762607	948.9664	8943.11	0.8693	2444.97	0.2377	15473.341565121	1250000000	121505.25	1259762607	122454.2188	BTC.TOP
512737	00000000000000000034458e6edc237aec47b9835b5084aaa919d9c6dcc5c6a3	2018-03-09 13:10:42	2018-03-09 11:57:30	1005931	995673	3992950	536870912	20000000	100000000000000000000000000000	fad2288fd0854ad0e887c61bafc47a4664a3d09adc89e91a62e788c01cd62d0a	1366900896	391481763	3290605988755	0000000000000000000000000000000000000000013d487c3a84973ac2a9dfc4	03e1d207132f6d696e65642062792067626d696e6572732f2cfabe6d6d0ce0a60889357bf75bbeb50fc939f85c788dbce7ed5dc0d5f54f84477e9b97c1010000000000000010a7a464007334a2cea3aefe50c00600e0	632	44	2991	1671	581590064811	56532996	582840064811	56654500	57877433	5625.9297	57557.4	5.5948	14499.6	1.4095	10879.164863557	1250000000	121505.25	1307877433	127131.1797	GBMiners
512738	0000000000000000002d5991516c41649800e9fe4046de6ac4a7453fa529e3d9	2018-03-09 13:24:25	2018-03-09 11:58:04	1011336	993972	3993252	536870912	20000000	100000000000000000000000000000	b84e332997aa2e2c11d6fa2b0ca30339d24ea95fc57119f227e8e5d332e4023d	1168026206	391481763	3290605988755	0000000000000000000000000000000000000000013d4b7a64e96d3298e4c1e6	03e2d2071b2f5669614254432f4d696e65642062792073757077696e3130302f2cfabe6d6d9ea987383e94c7a05ca71f5f8546a49eeb834a6f40df96d26320b0c0a3729cf2010000000000000010e0dfc8000ebfdacc22600daaf00e0000	736	71	2329	1837	1375961038387	133749192	1377211038387	133870696	54524778	5300.0376	53932	5.2424	13658.1	1.3276	61044.037347027	1250000000	121505.25	1304524778	126805.2891	ViaBTC
512739	0000000000000000003fec370049329a2895d1b9adc06c22b1c8263c7662596d	2018-03-09 13:34:08	2018-03-09 12:07:50	1079533	971201	3993136	536870912	20000000	100000000000000000000000000000	34f1e1a989381966f5880f6d266cbb1bacd23cb79bce31a3fb417b397ab6b43f	2776952772	391481763	3290605988755	0000000000000000000000000000000000000000013d4e788f4e432a6f1fa408	03e3d20704518da25a652f4254432e434f4d2ffabe6d6d4ea720928db31acd025aa67f1a78b2711b86322b9a723964adc12a6e345e9db501000000000000000133c7cd9294000000000000	1042	230	3351	3133	1054405466412	102492640	1055655466412	102614144	51801647	5035.3374	47999.7	4.6658	12975.2	1.2612	17567.82316901	1250000000	121505.25	1301801647	126540.5859	BTC.com
512740	000000000000000000541c121621c8912f42a962fd56019a776c2e7eafdbaef4	2018-03-09 13:35:50	2018-03-09 12:58:35	1105437	962572	3993153	536870912	20000000	100000000000000000000000000000	65999da50f741d2e642a19c56e7285eca9934029f610013317686ce08f6ecc41	926257153	391481763	3290605988755	0000000000000000000000000000000000000000013d5176b9b31922455a862a	03e4d2071a2f5669614254432f4d696e65642062792070793234353234352f2cfabe6d6d0519b352e5d0f9bf46ce2f4cf9d60ad6a01ce493f776d13b64c99f78acd4b492010000000000000010f5df930158b695635cefdf0742c40000	1456	435	4757	3369	617466370756	60020324	618716370756	60141828	14942981	1452.5205	13521.9	1.3144	3742.46	0.3637	6578.1606456933	1250000000	121505.25	1264942981	122957.7656	ViaBTC
512741	0000000000000000000fddd118f8729f562c54fd28030faed9b258d29ad2e85b	2018-03-09 13:38:11	2018-03-09 12:58:40	1089559	967783	3992908	536870912	20000000	100000000000000000000000000000	537a1ac11ebba834bd877f4d1cba8fb68ddfe0bd3d6f4a3e0eb9cd21847f839a	2272743453	391481763	3290605988755	0000000000000000000000000000000000000000013d5474e417ef1a1b95684c	03e5d20704248ea25a642f4254432e434f4d2ffabe6d6d1356d7b2a45f6b2c0f971f72c097510e724d8eb5572ce94a618609aa0c2ee03201000000000000006efc48ea635a55d500000000	2030	698	3911	4368	503665035347	48958356	504915035347	49079860	8993414	874.1976	8256.65	0.8026	2252.12	0.2189	45789.307940911	1250000000	121505.25	1258993414	122379.4453	BTC.com
512742	000000000000000000556d3881df9ea4ec373cf88729dca7770012a33a49acfc	2018-03-09 13:41:24	2018-03-09 13:10:42	839431	728447	3024772	536870912	20000000	100000000000000000000000000000	fbd76385d8fa435c5bec6d6dcbae029f968b0b114ecf882aa508a222d61cf724	2252511901	391481763	3290605988755	0000000000000000000000000000000000000000013d57730e7cc511f1d04a6e	03e6d2072cfabe6d6dcca7a83238b941b3858e6db7d12df4ab42f2e807cb55f3b3cf5c3da202f6702d04000000f09f909f114d696e65642062792067616f6765353138000000000000000000000000000000000000000000000000000000000000000000	2248	703	4102	4966	328826262192	31963294	330076262192	32084798	15757379	1531.6833	18779.6	1.8255	5208.91	0.5063	28643.9635903	1250000000	121505.25	1265757379	123036.9297	F2Pool
512743	00000000000000000012fabec6c8131e92074020791aa3a043023c15ce12bb37	2018-03-09 14:06:40	2018-03-09 13:24:25	1102866	963335	3992871	536870912	20000000	100000000000000000000000000000	32b609d1e59ed8c77b0c79f0cd2a42151b91075a929b144a7b684200bc629942	481727054	391481763	3290605988755	0000000000000000000000000000000000000000013d5a7138e19b09c80b2c90	03e7d20741d6a8a53d6ae38f41d6a8a53c4144812f4254432e544f502ffabe6d6ddf4563e61b1adb95247b4c8eb514d5f5afc36eefe61bb77a81790823b51b67638000000000000000e00087af3c3b010000000000	1733	376	5175	5429	1678191191244	163127232	1679441191244	163248736	61157299	5944.7461	55470	5.3919	15319	1.4891	19288.147471506	1250000000	121505.25	1311157299	127449.9922	BTC.TOP
512744	000000000000000000528ba6d392f75c3a3e0be43ff8452be66734a672c0c192	2018-03-09 14:09:46	2018-03-09 13:34:08	1148599	948122	3992965	536870912	20000000	100000000000000000000000000000	a6e7161a6ba770d59ac3e16a7a238200a720b496b56c55edd19175452d11bdd1	2431217589	391481763	3290605988755	0000000000000000000000000000000000000000013d5d6f634671019e460eb2	03e8d20704ab95a25a672f4254432e434f4d2ffabe6d6da0ab36e44a8199b476d65e3046db6afff6b232dc1289f9540847fa7ee740ec080100000000000000860293c30dba010000000000	2468	965	5197	5730	821428130624	79846264	822678130624	79967768	10429222	1013.7642	9082.53	0.8829	2611.28	0.2538	64852.06515874	1250000000	121505.25	1260429222	122519.0156	BTC.com
512745	00000000000000000051dee2887dd79a67025cfca619892bc59f7536eaeeef8e	2018-03-09 14:22:17	2018-03-09 13:35:50	1112126	960315	3993071	536870912	20000000	100000000000000000000000000000	084b485093439d64d958c84ed55d1b2aaeb62bae0d84dc0d37c55a47536887f3	2276601462	391481763	3290605988755	0000000000000000000000000000000000000000013d606d8dab46f97480f0d4	03e9d207fabe6d6d61308517ac3b7c172688fdc2e6829cbe582d00b1e6cd0666983b81d5598daf1e0100000000000000076508001ce13f89cb18004fbc2f736c7573682f	1966	578	5624	4729	1027507581583	99878048	1028757581583	99999560	32128166	3122.9927	28898.6	2.8091	8046.32	0.7821	56965.20323296	1250000000	121505.25	1282128166	124628.2422	SlushPool
512746	0000000000000000000806c70dfcf5e3c90d4925638c6cc24df9ed28f1249d1a	2018-03-09 14:23:46	2018-03-09 13:38:11	1109563	961166	3993061	536870912	20000000	100000000000000000000000000000	d5dab79e46ecf9ce8b0b2b649624058b9c9ed50c8a7afef18de38b82747b99cb	494695538	391481763	3290605988755	0000000000000000000000000000000000000000013d636bb8101cf14abbd2f6	03ead207184d696e656420627920416e74506f6f6c32375b205aa298f2fabe6d6dc679829fcad05d9d7d0b057964e5a5e65f474d4d05b8d7977b002b8a7a320adf0400000000000000e0230000997e0100	1422	556	5187	6674	838029195920	81459960	839279195920	81581464	5986241	581.8878	5396.75	0.5246	1499.21	0.1457	25253.556125678	1250000000	121505.25	1255986241	122087.1406	AntPool
512747	00000000000000000046e8bca24dac52684713b2d0dbd032f514066e0d566269	2018-03-09 14:36:39	2018-03-09 13:41:24	1112222	960335	3993227	536870912	20000000	100000000000000000000000000000	2d0ae7b403df8a6c3914a1c5eda0002f542671ced9fc640531ed2ab1d4fa7b25	567969870	391481763	3290605988755	0000000000000000000000000000000000000000013d6669e274f2e920f6b518	03ebd2070004f79ba25a0410f307160c4c115a5a2da3995a745801002cfabe6d6d509589e903b6bae4496a4e27ebd927edf12774aac60ffce1975bcdd5f295eb670100000000000000152f426974436c7562204e6574776f726b2f4e59412f	2090	681	5716	5100	1260658794220	122541328	1261908794220	122662832	44265626	4302.8047	39811.7	3.8699	11084.6	1.0775	30837.65650323	1250000000	121505.25	1294265626	125808.0547	BitClub Network
512748	0000000000000000002a4e7e6a73d3b8e7c24209529ef19f4053ea9fb45f641b	2018-03-09 14:41:28	2018-03-09 14:06:40	998063	998063	3992252	536870912	20000000	100000000000000000000000000000	6c10faaec9c3b6f7ac6cee674d5f4261345431879f0c007775c1ceb91924b39f	680734729	391481763	3290605988755	0000000000000000000000000000000000000000013d69680cd9c8e0f731973a	03ecd20704e49ca25a08fabe6d6df527ec8ea0154a05fb1e15aab876b3068f8a93eb0dd2fb83ff7fc693095a011101000000000000005ffba6ba9b0d0000132f426974636f696e2d5275737369612e72752f	529	0	6271	1781	439255360553	42697464	440505360553	42818972	10391844	1010.1309	10414.6	1.0124	2603.66	0.2531	28639.244126151	1250000000	121505.25	1260391844	122515.3828	BitcoinRussia
512749	0000000000000000004e4e4b2f7966ea2b7db038716b86ff9a75b7dc8ac52dd8	2018-03-09 14:41:24	2018-03-09 14:09:46	1056577	978698	3992671	536870912	20000000	100000000000000000000000000000	1becf1b03efddd1954508ad7d3aedd18db08ce436bc755912692fb106155cc30	2253721797	391481763	3290605988755	0000000000000000000000000000000000000000013d6c66373e9ed8cd6c795c	03edd20704159da25a612f4254432e434f4d2ffabe6d6ddd9819f0a2550aaef0d64812fc2be6c5307541a58b9aba0d4c4c93ff7aebe12a01000000000000006bb5d8bdcb2e000000000000	442	280	6572	1297	138232719299	13436801	139482719299	13558306	4936595	479.8578	4673.69	0.4543	1236.61	0.1202	1737.9094989786	1250000000	121505.25	1254936595	121985.1094	BTC.com
512750	0000000000000000001c71ba134ea5f680158173dfddff4d5c9eeafd65b679ba	2018-03-09 14:54:36	2018-03-09 14:22:17	1333286	886617	3993137	536870912	20000000	100000000000000000000000000000	4456e0447ef6432585c25eb98056d387abace8f208774749f1520bdf412ec744	3292647368	391481763	3290605988755	0000000000000000000000000000000000000000013d6f6461a374d0a3a75b7e	03eed207042ca0a25a642f4254432e434f4d2ffabe6d6dce89ae6c6245e3302e6d754780c1ef4352f8cb277df4061aafb1e31a8f9877ee010000000000000004b57c75d696010000000000	1878	701	5764	4711	1020975742216	99243128	1022225742216	99364632	42131678	4095.376	31607.6	3.0724	10550.1	1.0255	14130.303147742	1250000000	121505.25	1292131678	125600.625	BTC.com
512751	00000000000000000054505bcb5e6fbbca477cd71b7ee2426d09d238248344bb	2018-03-09 15:10:56	2018-03-09 14:23:46	806092	695656	2893060	536870912	20000000	100000000000000000000000000000	f23efd8ac23d52ca2e54ad9dc47083ab8dc19dbc5ea11da74bfb4d3fe0a66b2e	795247798	391481763	3290605988755	0000000000000000000000000000000000000000013d72628c084ac879e23da0	03efd2070004dca3a25a047d230805083aa79d5a5b06020a092f426974667572792f	1403	218	3948	3762	1308567664514	127198272	1309817664514	127319776	39571726	3846.5378	49108.2	4.7735	13680.9	1.3299	47840.37745318	1250000000	121505.25	1289571726	125351.7891	BitFury
512752	000000000000000000557b0fe2d52098edc893ad0f2b223f78c77d3c50869167	2018-03-09 15:16:47	2018-03-09 14:36:39	260990	234801	965393	536870912	20000000	100000000000000000000000000000	a2196c3f589e23fec52892c582252e58731eed5cfd44a072dd06f9d649e15520	2146599539	391481763	3290605988755	0000000000000000000000000000000000000000013d7560b66d20c0501d1fc2	03f0d20700043ea5a25a043e00a837085e989d5a000a38da092f426974667572792f	416	56	1356	1111	410235696487	39876632	411485696487	39998136	18156991	1764.9358	69645.7	6.7699	18826.1	1.83	17673.681352577	1250000000	121505.25	1268156991	123270.1875	BitFury
512753	0000000000000000004fabb08a6efec353b96ad366950dd8c0b64682bc464ff0	2018-03-09 15:20:18	2018-03-09 14:41:24	1799592	731103	3992901	536870912	20000000	100000000000000000000000000000	7021510eb389e7ace4c28287fd38019118877f829a5680bf130cc3ab0c32cba1	3992823307	391481763	3290605988755	0000000000000000000000000000000000000000013d785ee0d1f6b8265801e4	03f1d207041da6a25a642f4254432e434f4d2ffabe6d6db07e73449f74495be2f837f24c17e45bc248acb22d128d238fbf041b7debecdb01000000000000006914346579acaa0a00000000	1630	977	6330	3681	277834819217	27006712	279084819217	27128216	14586111	1417.8313	8106.7	0.788	3652.12	0.355	13422.922377879	1250000000	121505.25	1264586111	122923.0781	BTC.com
512754	0000000000000000004e51744006acb679e72ac435a3d5570f48d77814778e1a	2018-03-09 15:40:32	2018-03-09 14:41:28	1328147	888240	3992867	536870912	20000000	100000000000000000000000000000	781bbc9f2af0f03b09f567ba13fc68ce1ab5b1668f522e7a1e65fbad6263022b	2287536028	391481763	3290605988755	0000000000000000000000000000000000000000013d7b5d0b36ccaffc92e406	03f2d207f12b95ee09296433cf58b4615e0557874d5721498e8cbcbce588b5de73938e79928d5bceeb010000000000000000cca8000040da5d6758077aca2f425443432f2000000000000000000000000000000000000000000000000000000000000000	2350	890	5430	6351	1492257682568	145053712	1493507682568	145175216	42559677	4136.9795	32052.9	3.1157	10657.1	1.0359	73258.376533938	1250000000	121505.25	1292559677	125642.2266	BTCC Pool
512755	00000000000000000052d30bbd63688a3c562b9f509da10f3f7414ab029b8669	2018-03-09 15:51:09	2018-03-09 14:54:36	1184180	936256	3992948	536870912	20000000	100000000000000000000000000000	ffcb2420df16b838c8f2512929b919cdeaa760655b0b7f57a3d3f453d28e1359	416106304	391481763	3290605988755	0000000000000000000000000000000000000000013d7e5b359ba2a7d2cdc628	03f3d207fabe6d6d29369e9e31cdc239442b51b0623bd331d27ae88a34d36d643628baf867f1c330010000000000000026650800643a1e000f6b9a9bd7022f736c7573682f	2154	678	5878	5096	1242491339095	120775376	1243741339095	120896880	29245133	2842.7498	24704.3	2.4013	7324.17	0.7119	51276.43730336	1250000000	121505.25	1279245133	124348	SlushPool
512756	0000000000000000001e7e8fcdf6c0d66753312c0232b4e4ebcea119bb850214	2018-03-09 16:00:13	2018-03-09 15:10:56	1150323	947584	3993075	536870912	20000000	100000000000000000000000000000	3a4686f7e67ca0f115593ddd3b74d48f461b2e378e18fb701be77a4c470fd947	3493670340	391481763	3290605988755	0000000000000000000000000000000000000000013d81596000789fa908a84a	03f4d2071a2f5669614254432f4d696e656420627920616c6578776f6e672f2cfabe6d6d73978b0ebdf05b1681790737569bbb912efec81f6f75d8101c56690d4d361413010000000000000010d7e094012c2543bf8c87603bb2681200	2712	628	5479	6082	1276254618567	124057312	1277504618567	124178816	24181344	2350.5281	21027.6	2.044	6055.69	0.5887	19970.611081278	1250000000	121505.25	1274181344	123855.7734	ViaBTC
512757	00000000000000000011561591046f961f00d25418b76f93b2a405894a8b787c	2018-03-09 16:37:02	2018-03-09 15:16:47	1097665	965168	3993169	536870912	20000000	100000000000000000000000000000	6961e58ea65171358d41217e59540767d8ca382aec186f5357e7614068a2c0ef	3501723754	391481763	3290605988755	0000000000000000000000000000000000000000013d84578a654e977f438a6c	03f5d2070430b8a25a652f4254432e434f4d2ffabe6d6dcc2fce30e36a56f58131dd376580362a08a941711875f759994a22cf2633d556010000000000000003f4637607b9000000000000	2074	265	5177	6016	1612667757454	156758080	1613917757454	156879584	75716388	7359.9507	69000	6.7071	18964.7	1.8435	48605.369435915	1250000000	121505.25	1325716388	128865.2031	BTC.com
512758	0000000000000000003048926e66adbedb3f007c7a41356f64aba1badcf33c79	2018-03-09 16:39:49	2018-03-09 15:20:18	1209875	927793	3993254	536870912	20000000	100000000000000000000000000000	bf8e01cc9ab98d6db5b1ea3ff3a9d412af4d3236e3448df93ac0b4a0d252044c	3337494619	391481763	3290605988755	0000000000000000000000000000000000000000013d8755b4ca248f557e6c8e	03f6d2070004c3b8a25a041d34150b0c1481595a1d3d4d5a000603442cfabe6d6d66aa652ddd6faabecc20e0ebf7f96f6ac62009ba2eafff10d77b97f2f8b5b5bc0100000000000000152f426974436c7562204e6574776f726b2f4e59412f	2782	1513	5613	6486	927626006182	90169144	928876006182	90290648	12342998	1199.7913	10204.8	0.992	3089.34	0.3003	37918.115682346	1250000000	121505.25	1262342998	122705.0391	BitClub Network
512759	00000000000000000052f1567e6026f78214ef9e5bfc02401a3de167b605fbd5	2018-03-09 16:42:54	2018-03-09 15:40:32	1070092	974333	3993091	536870912	20000000	100000000000000000000000000000	678a14002ca916ea23181ed39d12efdb2673f028cf5ff6cfe4faad9b99ce734e	3399100316	391481763	3290605988755	0000000000000000000000000000000000000000013d8a53df2efa872bb94eb0	03f7d2071d2f5669614254432f4d696e656420627920777a7831393838303332302f2cfabe6d6dbc9246dc31063e3e0eec08640c2c1920706f630e8a82417fc00a2bcdf47eb59b01000000000000001017e1cb008b92a7200efb2867d86f55eb	1689	348	5704	4271	420980308390	40921052	422230308390	41042560	11980338	1164.5392	11199.2	1.0886	3000.7	0.2917	30189.703598076	1250000000	121505.25	1261980338	122669.7891	ViaBTC
512760	00000000000000000027572d02415264a3d700bd624e2ca0840198c10d285e4c	2018-03-09 16:47:22	2018-03-09 15:51:09	1035385	985810	3992815	536870912	20000000	100000000000000000000000000000	54d036b4c5f0f0fa8f2d58da8f845745fc4212a8f0af31fe5f81c4dc66fe4aa4	1135819637	391481763	3290605988755	0000000000000000000000000000000000000000013d8d520993d07f01f430d2	03f8d20700049abaa25a0412c848310c61115a5af9219c5ab48400002cfabe6d6dc174f3b4ffaef4ba8428e5e49bbcab661b5556312278efc8b6ab6d522ea67bd90100000000000000152f426974436c7562204e6574776f726b2f4e59412f	853	232	6316	2082	343544127777	33393932	344794127777	33515438	22498634	2186.9617	21737	2.1129	5635.87	0.5478	11063.262141949	1250000000	121505.25	1272498634	123692.2109	BitClub Network
512761	00000000000000000022056869e6c5b7e11017aee8a8e06cecd6f91d9a877961	2018-03-09 16:48:39	2018-03-09 16:00:13	1006285	995602	3993091	536870912	20000000	100000000000000000000000000000	4df5246379e7161373facd93199ea4cc09473661e7eb7c3cb80279ae8d563e61	2849017386	391481763	3290605988755	0000000000000000000000000000000000000000013d905033f8a676d82f12f4	03f9d20704e7baa25a642f4254432e434f4d2ffabe6d6d27f93a2a2f942973d7a9f2e2e5ff501310a7302dbf8d857095c8bd76405b925e01000000000000002d0cc378bd24924800000000	274	68	6639	520	71438898918	6944161	72688898918	7065666	5382496	523.2012	5350.61	0.5201	1348.3	0.131	296.1438450099	1250000000	121505.25	1255382496	122028.4531	BTC.com
512762	0000000000000000002e9781a6e4df273c376e48eb306912a29498599c6fb10a	2018-03-09 16:55:14	2018-03-09 16:37:02	478459	410728	1710643	536870912	20000000	100000000000000000000000000000	448184d12e3c71b8325f22ac938612dc78a82cb8c01af78d051da185d1cd1345	715770085	391481763	3290605988755	0000000000000000000000000000000000000000013d934e5e5d7c6eae69f516	03fad207184d696e656420627920416e74506f6f6c31365d205aa2bc72fabe6d6d50604fbff122d4603a61116881dd874c32abd5be66dcb68add36a71dc059c4d704000000000000004b3f0000371c0100	1067	340	2291	2609	379255868351	36865264	380505868351	36986768	11506675	1118.4971	24066.1	2.3393	6728.39	0.654	17675.067833099	1250000000	121505.25	1261506675	122623.75	AntPool
512763	00000000000000000044ea60679b7a593c2c38e51d3d58743a2250d6e238d4f9	2018-03-09 16:56:06	2018-03-09 16:39:49	1079139	971219	3992796	536870912	20000000	100000000000000000000000000000	47099267b3f858160aa92a73d067ef80fa9fba237a39a46de47bf9365a47f887	1299375334	391481763	3290605988755	0000000000000000000000000000000000000000013d964c88c2526684a4d738	03fbd20741d6a8af29d0d1f341d6a8af2995817a2f63616e6f65706f6f6c2fba0048efb3d7010000000000	259	125	7044	501	32847267133	3192892.25	34097267133	3314397.5	3184528	309.5495	2951.79	0.2869	797.736	0.0776	3955.9893775304	1250000000	121505.25	1253184528	121814.7969	Unknown
512764	0000000000000000004fd7a3c3392e8dd3ddc792fccc88a31bba2a37ef8cd3b4	2018-03-09 16:57:37	2018-03-09 16:42:54	1146836	948726	3993014	536870912	20000000	100000000000000000000000000000	048568b081c80bddcdf3b0ff1dba21d3ea55db3fa668da82c36df3a1d70f4c06	1207825722	391481763	3290605988755	0000000000000000000000000000000000000000013d994ab327285e5adfb95a	03fcd207fabe6d6dac310e58d89decf2b6c4cc0f8dfa2a233b0cf0bb954182b51b56d4b36659d016010000000000000003650700655571c50f00003cb8022f736c7573682f	216	118	7505	406	65900804911	6405835	67150804911	6527340	3927172	381.7376	3425.46	0.3329	983.799	0.0956	2749.7216722297	1250000000	121505.25	1253927172	121886.9844	SlushPool
512765	0000000000000000004ac4933b5811005051d36ebe7671b6a6dfba21dfc7ca6c	2018-03-09 17:02:15	2018-03-09 16:47:22	1308442	894841	3992965	536870912	20000000	100000000000000000000000000000	79727e7242a17e7a407edbb3165b6f9f98287e346cacce84c1880e511cb5bcec	1784494044	391481763	3290605988755	0000000000000000000000000000000000000000013d9c48dd8bfe56311a9b7c	03fdd207184d696e656420627920416e74506f6f6c32380e205aa2be17fabe6d6dd34fcbc1d5a8c566ac326b8c29cb7ae2978dbbc517d6b5cfaca5ad1157803e880400000000000000c3100000ab260000	1069	328	7553	2395	401292071201	39007276	402542071201	39128780	16988948	1651.3971	12987.4	1.2624	4255.33	0.4136	31354.984583956	1250000000	121505.25	1266988948	123156.6484	AntPool
512766	0000000000000000004222a7b421fe8b8ee63bb62fa7067a7385e2c02c027111	2018-03-09 17:03:16	2018-03-09 16:48:39	1054118	979561	3992801	536870912	20000000	100000000000000000000000000000	3bc8da1fbb062f3af6d9dc0d8dddc17092c9cd801a716bdd685dab2bac966f1b	3084985582	391481763	3290605988755	0000000000000000000000000000000000000000013d9f4707f0d44e07557d9e	03fed207184d696e656420627920416e74506f6f6c35392c205aa2be5490000000f86c0200	304	75	5862	662	232368977718	22587240	233618977718	22708746	3189677	310.05	3026.75	0.2942	799.032	0.0777	5362.4819679773	1250000000	121505.25	1253189677	121815.2969	AntPool
512767	00000000000000000029f293d93d95b9ac0b3867b9d0d2180d53d71d08c10e2c	2018-03-09 17:03:57	2018-03-09 16:55:14	1007292	995175	3992817	536870912	20000000	100000000000000000000000000000	dd3b00db67f34e7ebfc24da227425c79474bdfd02e432dbe695f38282eb6959f	875539398	391481763	3290605988755	0000000000000000000000000000000000000000013da2453255aa45dd905fc0	03ffd207194d696e656420627920416e74506f6f6c3425205aa2be7d01364d140000db730200	226	49	3630	442	189426273869	18413030	190676273869	18534534	2438464	237.0289	2421.5	0.2354	610.854	0.0594	2086.850894057	1250000000	121505.25	1252438464	121742.2812	AntPool
512768	0000000000000000002a17c784c46181f37a686b216e2a6e38c471474e33af8d	2018-03-09 17:11:11	2018-03-09 16:56:06	1084128	969232	3991824	536870912	20000000	100000000000000000000000000000	f53d63ff362c1f300d292d48d0e081b1a669cdbfbc93bb4d5ede2dfb3bef3119	3928583101	391481763	3290605988755	0000000000000000000000000000000000000000013da5435cba803db3cb41e2	0300d30741d6a8b00d13a23841d6a8b00bd9e3672f63616e6f65706f6f6c2fba005e08bc87000000000000	1156	357	6001	3107	392660821580	38168280	393910821580	38289784	13149482	1278.1848	12132.4	1.1793	3294.37	0.3202	4388.5002359262	1250000000	121505.25	1263149482	122783.4375	Unknown
512769	0000000000000000002bc5424e950df96b4c386abc3979e0707dca6efeaa6e29	2018-03-09 17:53:08	2018-03-09 16:57:37	1062353	976922	3993119	536870912	20000000	100000000000000000000000000000	54d2110c7b1f5e92ae3d9c91161b1a2403c3ea1209fa9afaf277e01ab7e0ffcc	2745224938	391481763	3290605988755	0000000000000000000000000000000000000000013da841871f56358a062404	0301d3072554f1f0090caca8b449e45661b71e25dc53268a946eb75c6a77aa0ee74bdc0f053215ade70100000000000000009dadaaaaf7caba6a58056b5a2f425443432f2000000000000000000000000000000000000000000000000000000000000000	2137	269	5133	6160	1383272681240	134459920	1384522681240	134581424	61541545	5982.0967	57948.6	5.6329	15415	1.4984	60724.81341521	1250000000	121505.25	1311541545	127487.3438	BTCC Pool
512770	00000000000000000013face216103e7ac354ff3aa0a75f482094be49ce911f2	2018-03-09 18:20:40	2018-03-09 17:02:15	1081076	970727	3993257	536870912	20000000	100000000000000000000000000000	6e274db5e1b5e1b323bb63bfee7c9d725dbd57be7f9f903c7d1928ed2f719573	305793108	391481763	3290605988755	0000000000000000000000000000000000000000013dab3fb1842c2d60410626	0302d307fabe6d6d8f907b9e24db9f78316a2fd6838f29fec250411a27aeebb491b4a5e0a673cca1010000000000000003650600666d6bd5000080b2b9022f736c7573682f	2088	374	5322	5793	1473005863712	143182352	1474255863712	143303856	52814981	5133.8379	48870.9	4.7505	13228	1.2858	59877.189721122	1250000000	121505.25	1302814981	126639.0859	SlushPool
512771	00000000000000000020222d18a4ae4c2e41b33cc1388fa07481613ac10c827b	2018-03-09 18:26:33	2018-03-09 17:03:16	1293108	899966	3993006	536870912	20000000	100000000000000000000000000000	cf4ef9627dba2295652e5b754d2f7878c00e37f0b308eaa8300b5df233059572	3140418236	391481763	3290605988755	0000000000000000000000000000000000000000013dae3ddbe90225367be848	0303d307182f5669614254432f4d696e65642062792077616e6774732f2cfabe6d6d05002d1428e18ff89da8ee43a130a02b892250f4bcdbfb61b73848d6ddb80ef4010000000000000010bae194012c2543bf8c83402c46c3300c	3545	2368	5704	8002	1154399020915	112212432	1155649020915	112333936	18951389	1842.1545	14659.6	1.425	4741.23	0.4608	12354.165428445	1250000000	121505.25	1268951389	123347.4062	ViaBTC
512772	00000000000000000037f5e8558e81046e0d6cd3d49e5d604a5fa0731ebf00ed	2018-03-09 18:27:32	2018-03-09 17:03:57	1098869	964709	3992996	536870912	20000000	100000000000000000000000000000	fe8a01621aa13a86887246da18331ef02df02130b5442a42ba1b73d7a6b7e468	3538884233	391481763	3290605988755	0000000000000000000000000000000000000000013db13c064dd81d0cb6ca6a	0304d3070416d2a25a2f4254504f4f4c2ffabe6d6df9d577eec677a97de5e19162c0c9b0badd6fb0ad73f31174c8b08583ac0331db0100000000000000028c62be95dd060000000000	2435	357	5470	4896	702694997954	68304904	703944997954	68426408	10009438	972.9594	9111.54	0.8857	2507.07	0.2437	58843.629028343	1250000000	121505.25	1260009438	122478.2109	Unknown
512773	0000000000000000000adc5835f7356a13118f0c237cc4adc8b3f54ffda9cb22	2018-03-09 18:52:44	2018-03-09 17:11:11	1157771	945104	3993083	536870912	20000000	100000000000000000000000000000	16337352dc43da8b7ef41074bbe9ee98b2246cce4687d5bd726979331d7639fc	873743178	391481763	3290605988755	0000000000000000000000000000000000000000013db43a30b2ae14e2f1ac8c	0305d307192f5669614254432f4d696e65642062792077797a733931342f2cfabe6d6d1ad018df5b90e5879726a41d7d2656f28ab9bf1399fbb3180ef4590b8d76b0a4010000000000000010f9e04c0493575b7ed0b0e70dfffc0100	2690	1053	5430	6623	1547754945593	150448288	1549004945593	150569792	45665643	4438.8921	39454.4	3.8351	11433.1	1.1113	37935.44128109	1250000000	121505.25	1295665643	125944.1406	ViaBTC
512774	000000000000000000176d0baad54057e964866b985ae745dd5788a335ba58ae	2018-03-09 18:54:11	2018-03-09 17:53:08	1085091	969361	3993174	536870912	20000000	100000000000000000000000000000	1ed15c07db69771aefc1cb870fdab0306ba61945278ab8c8973f69a278f5f802	4077871075	391481763	3290605988755	0000000000000000000000000000000000000000013db7385b17840cb92c8eae	0306d307a47367fe09a5c7d2852bbed68ca8cd89b18aeea33aaad863a3e56094af9c74b03ad72d645f01000000000000000059ab00001f34806dc80688722f425443432f2000000000000000000000000000000000000000000000000000000000000000	1809	412	5553	3831	576166110371	56005764	577416110371	56127272	6869764	667.7699	6333.1	0.6156	1720.59	0.1673	31786.750171168	1250000000	121505.25	1256869764	122173.0156	BTCC Pool
512775	000000000000000000035e8298e926c41087c08e044de3cf573295c830e1f3ba	2018-03-09 19:00:56	2018-03-09 18:20:40	1101860	963730	3993050	536870912	20000000	100000000000000000000000000000	a3dff0ce050d0e6510557164d3038c0074b9a88d2be29a15deb91acfb0bc95c4	4043734252	391481763	3290605988755	0000000000000000000000000000000000000000013dba36857c5a048f6770d0	0307d30741d6a8b67aecb31741d6a8b67a27b60a2f4254432e544f502ffabe6d6d812fb425e8c989feeb067780787fcc11afa35c4c566738ef3ce98c6cd2f0cf228000000000000000cd0015a3b6c7000000000000	1155	380	6303	2681	613167931657	59602496	614417931657	59724004	17939402	1743.7852	16286	1.5831	4493.15	0.4367	2962.0299744193	1250000000	121505.25	1267939402	123249.0312	BTC.TOP
512776	00000000000000000041bb5e444141680e2e8d601970e8d591a138a427e305f8	2018-03-09 19:03:22	2018-03-09 18:26:33	1015797	992460	3993177	536870912	20000000	100000000000000000000000000000	2baea21178d76c10d16f4b3d96cf7b220f1d54af48f3123dbeeaf15cce12251b	3554245164	391481763	3290605988755	0000000000000000000000000000000000000000013dbd34afe12ffc65a252f2	0308d30733842c5031eb836a3ab58919b8d5bb12e009764a6dd9203ec6e52f1c1eefce70fabe6d6d4f87cada3315db0ca0bed047e7a5a07fae0885740f80f488e1e7e3d656a3a6d201000000000000000075b95f78b9080000000000	429	107	6484	1336	116816424953	11355047	118066424953	11476552	5609126	545.2306	5523.76	0.537	1405.04	0.1366	2378.895097274	1250000000	121505.25	1255609126	122050.4766	Unknown
512777	00000000000000000021affc4f54cf58211367ed2a894dc53d09af935849da9c	2018-03-09 19:25:12	2018-03-09 18:27:32	1125321	955813	3992760	536870912	20000000	100000000000000000000000000000	aff8e7fe01c2a713f8e9c0880f390d9d881bf4ad7905e1fc7d1e00b205e2a7f3	1756800784	391481763	3290605988755	0000000000000000000000000000000000000000013dc032da4605f43bdd3514	0309d3070499dfa25a2f07f0056f9458480000000000	2868	981	5335	6704	942191901729	91585008	943441901729	91706512	32513284	3160.4277	28900.3	2.8092	8140.87	0.7913	13233.128377416	1250000000	121505.25	1282513284	124665.6797	Unknown
512778	00000000000000000030a72d350122c105d051fca3c86c45eb2b605d9387f798	2018-03-09 19:25:48	2018-03-09 18:52:44	1010726	994166	3993224	536870912	20000000	100000000000000000000000000000	b28eb0c4405f821ac463427303c0d8e31fa925b76fb8fd963e3fc447d1bab49b	3729475182	391481763	3290605988755	0000000000000000000000000000000000000000013dc33104aadbec12181736	030ad30741d6a8b7ef32446a41d6a8b7eea7709e2f4254432e544f502ffabe6d6d041a1a7e8905296793794bdec77457450f84c2d5d88cede6ca950151f7d83de18000000000000000c000a954000000502aafaa2a	325	72	6596	719	72748566971	7071466	73998566971	7192971.5	3284877	319.3038	3251.1	0.316	822.839	0.08	6785.5938076679	1250000000	121505.25	1253284877	121824.5547	BTC.TOP
512779	0000000000000000000e5ac30845edf6a1cabd14df5d4ca7c5ba10243850165d	2018-03-09 19:28:42	2018-03-09 18:54:11	1032323	986974	3993245	536870912	20000000	100000000000000000000000000000	1cacdea96fad32f45344cd87551171c25de8d7723f4dbef1563b98da4c6e7d32	2675465321	391481763	3290605988755	0000000000000000000000000000000000000000013dc62f2f0fb1e3e852f958	030bd307162f5669614254432f4d696e656420627920636d30332f2cfabe6d6dfa8420c46486ff980786943b34830ab9a773e9aaa3cd07697d7d5afc1d38a4de0100000000000000101fe294012c2543bf8c8831f68d4b0000	491	142	6611	1034	192206532625	18683282	193456532625	18804788	7588137	737.5988	7352.97	0.7147	1900.68	0.1848	765.54418928562	1250000000	121505.25	1257588137	122242.8516	ViaBTC
512780	00000000000000000054f3bbcc38cf44cc5075ff3002b8510a8026035cb43766	2018-03-09 19:37:12	2018-03-09 19:00:56	1088737	968090	3993007	536870912	20000000	100000000000000000000000000000	2f146b2cd2fed1ed6dcdc7728d3232867d8ea50fcab59089fbc79b5bb2052adb	323580040	391481763	3290605988755	0000000000000000000000000000000000000000013dc92d597487dbbe8ddb7a	030cd3070469e2a25a642f4254432e434f4d2ffabe6d6d7d30dbcc5cab3d0943c46d772e316962dc86e28ee27af6341dc7c71cca02fc1b010000000000000004b5396eb15a000000000000	1307	388	6244	3099	349306567304	33954064	350556567304	34075572	17914009	1741.3169	16458.9	1.5999	4486.74	0.4362	4693.3433129759	1250000000	121505.25	1267914009	123246.5625	BTC.com
512781	00000000000000000053a73f24f3317e4072b52a1efd0c59f729de782b20fd1a	2018-03-09 19:41:56	2018-03-09 19:03:22	1046279	982176	3992807	536870912	20000000	100000000000000000000000000000	b94da56484c2d02f4b7ebfeab7fe5794edd6067fe2c4b7160b71001abf23d157	3639717680	391481763	3290605988755	0000000000000000000000000000000000000000013dcc2b83d95dd394c8bd9c	030dd307174d696e656420627920416e74506f6f6c6835205aa2e384fabe6d6dcda467eda2ddc80fcb0c4da65be6ff01fee48eaf1b9035a13ce71c8690fe17c5040000000000000008730000b55b0000	735	246	6474	1695	160320774656	15583853	161570774656	15705358	9061030	880.7701	8662.98	0.8421	2269.73	0.2207	6697.1634859874	1250000000	121505.25	1259061030	122386.0156	AntPool
512782	0000000000000000001ac1d5c453558a7282607ae22d8bbc0978715d7f4d77fd	2018-03-09 20:09:08	2018-03-09 19:25:12	1147006	948723	3993175	536870912	20000000	100000000000000000000000000000	5f76635f02c18d55d7c9c9f8312007c19b5eafdd052be80aca7fe52687b41f99	2996016649	391481763	3290605988755	0000000000000000000000000000000000000000013dcf29ae3e33cb6b039fbe	030ed30704e4e9a25a642f4254432e434f4d2ffabe6d6db6125e81935f4c84e75870e585c2a809ab3d6422887ad6ce753f14afd8e57954010000000000000034036c626104020000000000	2744	1107	5368	6796	769271786270	74776448	770521786270	74897952	39553716	3844.7874	34494.1	3.353	9902.22	0.9625	48203.710899099	1250000000	121505.25	1289553716	125350.0391	BTC.com
512783	00000000000000000038a92a791cb4aa107e2eb9977f17e2fb6bb43e5fbc60ed	2018-03-09 21:02:53	2018-03-09 19:25:48	1073005	974981	3997948	536870912	20000000	100000000000000000000000000000	6d635f7132a0c278019223b160929ed0046528a4dd6732e334b10125943069c5	45451923	391481763	3290605988755	0000000000000000000000000000000000000000013dd227d8a309c3413e81e0	030fd3072cfabe6d6d343ff61e7a30efefd4b816d9f861ce5a8bb384d2008324f05692b0b8b070643304000000f09f909f104d696e6564206279206c30393938393900000000000000000000000000000000000000000000000000000000000000000000	2209	279	5152	6019	1009619667898	98139272	1010869667898	98260776	61452157	5973.4077	57290.3	5.5688	15373.8	1.4944	82611.585154396	1250000000	121505.25	1311452157	127478.6562	F2Pool
512784	00000000000000000037304be3450a2b61f39a273ee73cf4090bcb7163eaf9fb	2018-03-09 21:15:30	2018-03-09 19:28:42	1172905	939955	3992770	536870912	20000000	100000000000000000000000000000	47135bc34f58d57109a5f8353f795a93220b9cfd5ce6047fe7f88d2a432517b7	2887165385	391481763	3290605988755	0000000000000000000000000000000000000000013dd5260307dfbb17796402	0310d3070473f9a25a652f4254432e434f4d2ffabe6d6d7e89d719924b1b4d3456e2146a067e7dbeeb0e048a9a77e2212d8fb14f1f3ab5010000000000000003b02207c510000000000000	3216	1788	5404	8432	651568103529	63335156	652818103529	63456660	25684400	2496.6316	21904.2	2.1292	6427.66	0.6248	23676.941433523	1250000000	121505.25	1275684400	124001.8828	BTC.com
512785	00000000000000000004dd11fd64dee4a51a0d76a3d132005e7cd6420fe82f28	2018-03-09 21:19:19	2018-03-09 19:37:12	1257311	911863	3992900	536870912	20000000	100000000000000000000000000000	b0e987048b396a2e0480197da977869c9c3a30363af62e00a721f88d08dabb0f	3045900700	391481763	3290605988755	0000000000000000000000000000000000000000013dd8242d6cb5b2edb44624	0311d307182f5669614254432f4d696e65642062792070647377796a2f2cfabe6d6d00bd00df5a7f646c9d5c5a77a780308517e58145c176670ce61f52438f164841010000000000000010c0e2f5018cd5d31236c5bc1de42f0000	1987	739	6058	4402	908341118462	88294568	909591118462	88416080	13120717	1275.3888	10438.4	1.0146	3285.87	0.3194	494221.4396125	1250000000	121505.25	1263120717	122780.6406	ViaBTC
512786	0000000000000000000b4d7bf0ba2800edd3ed76d28b75ba825820b209fb8d7e	2018-03-09 21:24:06	2018-03-09 19:41:56	694238	634239	2596955	536870912	20000000	100000000000000000000000000000	ec7896868353df690efd5ce9b7bb14e4754a8e3401959c1746add85bb5b53302	2723116924	391481763	3290605988755	0000000000000000000000000000000000000000013ddb2257d18baac3ef2846	0312d3072cfabe6d6d5cbc0ea9467e30f657962caf7900318c716572d48a5ca8bfd770dcdf757ef18404000000f09f909f104d696e6564206279206261626c6f313400000000000000000000000000000000000000000000000000000000000000000000	1654	236	3504	3559	215261404560	20924312	216511404560	21045818	9977657	969.8702	14379.6	1.3978	3843.24	0.3736	19845.507240356	1250000000	121505.25	1259977657	122475.1172	F2Pool
512787	000000000000000000424c0b1fabd2f238125a51c7f99c942c4404f7c9f6f0a3	2018-03-09 21:29:17	2018-03-09 20:09:08	1135913	952411	3993146	536870912	20000000	100000000000000000000000000000	f833e6f1f51558910ae0d380f632e9f9350631a2e81c88e73fa1b703593f7ca6	643718039	391481763	3290605988755	0000000000000000000000000000000000000000013dde20823661a29a2a0a68	0313d30704adfca25a642f4254432e434f4d2ffabe6d6d6930378d557c3303b05d0d2afe3e05b874252c3168121b4243b9976150f689d801000000000000002501ea5a061b010000000000	2268	879	5798	5001	1633602935660	158793072	1634852935660	158914576	11453269	1113.3058	10085.8	0.9804	2867.72	0.2788	26671.718179052	1250000000	121505.25	1261453269	122618.5547	BTC.com
512788	0000000000000000002aa80e458bf872cf6bd91882060cfdc01adc36ffc510df	2018-03-09 21:31:00	2018-03-09 21:02:53	1019257	991203	3992866	536870912	20000000	100000000000000000000000000000	d0f3fe1b2974a2ed4cfc9b5449d65c2de704241613d9196dbcd0e1656fc4302f	1444882171	391481763	3290605988755	0000000000000000000000000000000000000000013de11eac9b379a7064ec8a	0314d30741d6a8bf3ff7417341d6a8bf3f3a6df82f4254432e544f502ffabe6d6dd32e0f935d23a24eaac36edab1d5e4f13a910445367a37b760b9cb409e5c6a418000000000000000c200078500004215b7afaa0a	279	66	6702	550	84977397464	8260160	86227397464	8381665	11520903	1119.8801	11307	1.0991	2886.17	0.2805	299.21546885032	1250000000	121505.25	1261520903	122625.1328	BTC.TOP
512789	000000000000000000517b9778c2110266e3ad5a596f8e7b644a889d5f7d72b7	2018-03-09 21:31:44	2018-03-09 21:15:30	1009355	994458	3992729	536870912	20000000	100000000000000000000000000000	d96206e35b529ca69b58173aab0b9531071ec2d43b1e63fae7a649f52a8ca05b	635690548	391481763	3290605988755	0000000000000000000000000000000000000000013de41cd7000d92469fceac	0315d3070441fda25a642f4254432e434f4d2ffabe6d6dceb49ead0cf81689d53cdec9497a117665cf9dfb69209008ad115023477887970100000000000000371d09ad00001ba1fade0100	214	42	6700	487	68506436121	6659113.5	69756436121	6780618.5	6041254	587.2352	5987.18	0.582	1513.48	0.1471	313.12725960393	1250000000	121505.25	1256041254	122092.4844	BTC.com
512790	00000000000000000034c1f6dd10de0edb4969643b169a0d68fb8be7ffa7d4c6	2018-03-09 21:32:19	2018-03-09 21:19:19	280	244	1012	536870912	20000000	100000000000000000000000000000	6685b7445d9941658864a62e026f2e0519943c3bd723161aebe1a0c805cc09aa	2432728184	391481763	3290605988755	0000000000000000000000000000000000000000013de71b0164e38a1cdab0ce	0316d307122f3538636f696e2e636f6d2f2d205aa2fd633b1f0000adab0200	1	1	1	2	0	0	1250000000	121505.25	0	0	0	0	0	0	0	1250000000	121505.25	1250000000	121505.25	58COIN
512791	000000000000000000378829ff3e591548217849fd8b511ca5a492840324c2d8	2018-03-09 21:34:07	2018-03-09 21:24:06	1012530	993513	3993069	536870912	20000000	100000000000000000000000000000	263b77c1f2ec63c307a89a48aa8cf854c16310b32c67c0a53280f6246078d6f8	4049042764	391481763	3290605988755	0000000000000000000000000000000000000000013dea192bc9b981f31592f0	0317d30704cffda25a642f4254432e434f4d2ffabe6d6dcfbe643eff35a1b8c9a963c7a2841b15fcbf974ea1d41978e8234ce4dac697c6010000000000000069051cc8e952010000000000	409	100	6566	838	106674974352	10369255	107924974352	10490761	5913480	574.8151	5842.18	0.5679	1481.3	0.144	656.99670788659	1250000000	121505.25	1255913480	122080.0625	BTC.com
512792	000000000000000000330c3de652726f4e13ab15da9cb875f39fd8347587b257	2018-03-09 21:40:09	2018-03-09 21:29:17	1071801	973754	3993063	536870912	20000000	100000000000000000000000000000	591ca9826b1c5b56b239a22a673bc9645ae4e0535e2b8dcc0462bf18dcb293b4	812904232	391481763	3290605988755	0000000000000000000000000000000000000000013ded17562e8f79c9507512	0318d30741d6a8bfc653275d41d6a8bfc63c33d72f4254432e544f502ffabe6d6d638868756c061fb5bb7bd4178fb80ee75181ffaf92332e55db796a5d2681168b8000000000000000df003fb5943633b300000000	809	230	6183	3108	275151509586	26745882	276401509586	26867388	9347693	908.635	8724.22	0.848	2341.4	0.2276	1425.3246950252	1250000000	121505.25	1259347693	122413.8828	BTC.TOP
512793	00000000000000000012af922cde8e20ca1a79d5bd8409efed14a4387bb08a8a	2018-03-09 21:41:47	2018-03-09 21:31:00	1202019	930354	3993081	536870912	20000000	100000000000000000000000000000	48ffda50fa79a23c50236e06f54c7ced0f05a5bc71d9af061985b5dcc4d0892e	1474383992	391481763	3290605988755	0000000000000000000000000000000000000000013df015809365719f8b5734	0319d307049cffa25a642f4254432e434f4d2ffabe6d6d75e4f5a57cebfafb1dd7fb25463321eb99bfc9688fda053e5d76243b6bca886e01000000000000006efffaa6681e000000000000	502	209	7415	1517	231172916801	22470978	232422916801	22592484	4471293	434.6284	3720.83	0.3617	1119.98	0.1089	57341.643535615	1250000000	121505.25	1254471293	121939.875	BTC.com
512794	000000000000000000517051d70b522c3b203601925918dd528d20059a8e7653	2018-03-09 21:47:31	2018-03-09 21:31:44	1036541	985000	3991541	536870912	20000000	100000000000000000000000000000	de96ba33020cae65507b839a4d88f68015132ff1bd460beadafe0ce61f202597	2436970106	391481763	3290605988755	0000000000000000000000000000000000000000013df313aaf83b6975c63956	031ad30704f400a35a642f4254432e434f4d2ffabe6d6d1a774a1d2b4516fb3761ee031aa9b2f48c96fb715256ed1850ef6540542d538f0100000000000000371d04fc0000f58bf0920100	884	245	3945	2197	375119430533	36463184	376369430533	36584688	10720038	1042.0327	10345.4	1.0056	2686.11	0.2611	4860.4706731092	1250000000	121505.25	1260720038	122547.2812	BTC.com
512795	0000000000000000000816a4092a0a07c9980428204c26ae13fcc4b92dba3e4e	2018-03-09 22:14:53	2018-03-09 21:32:19	1199376	931192	3992952	536870912	20000000	100000000000000000000000000000	2ff4a715c02c64ee6060d0f737f62eb3233351192908a48accad61354cfb0d2d	2807181040	391481763	3290605988755	0000000000000000000000000000000000000000013df611d55d11614c011b78	031bd307045e07a35a642f4254432e434f4d2ffabe6d6d8abe0096fa5e02e966facfdae0f073c6aa8b7976a2a5ffae9d55f7aee105300e0100000000000000360d92830000041a192a0100	2811	1099	5366	7255	1609674512792	156467120	1610924512792	156588624	39825318	3871.1882	33214.1	3.2285	9970.73	0.9692	35753.064273579	1250000000	121505.25	1289825318	125376.4375	BTC.com
512796	000000000000000000434e30ab195f95995f62a6668cbcaccd8011439d0d4a0d	2018-03-09 22:38:10	2018-03-09 21:34:07	1122543	956790	3992913	536870912	20000000	100000000000000000000000000000	57571c6b0467b59cfb0e46080e58ba1986492c90adfe777e07ddf235525021c9	1618645328	391481763	3290605988755	0000000000000000000000000000000000000000013df90fffc1e759223bfd9a	031cd30704d30ca35a642f4254432e434f4d2ffabe6d6df5ed4cbecaf9bb1f524cf83a27069fb62df7ea0c464d70b126a284c6025214280100000000000000019b4aed36184e0000000000	2631	951	5395	6861	1292458133883	125632360	1293708133883	125753864	33782097	3283.7617	30103	2.9261	8458.55	0.8223	14860.064039365	1250000000	121505.25	1283782097	124789.0078	BTC.com
512797	00000000000000000014117024dd04c262339f3de55f0e5eb1cb682c84dcdfb2	2018-03-09 22:43:23	2018-03-09 21:40:09	621428	499473	2119847	536870912	20000000	100000000000000000000000000000	33749bfb70ea3edcd70e3cec2927d53d102cdaeb01ea9fedf244c9eb74b3b24e	4126508093	391481763	3290605988755	0000000000000000000000000000000000000000013dfc0e2a26bd50f876dfbc	031dd307df8cd5ba00e200002f436f6e6e656374425443202d20486f6d6520666f72204d696e6572732f	1119	272	3221	2606	470052955520	45691120	471302955520	45812628	8539175	830.0436	13747.7	1.3364	4029.03	0.3916	2606.9832674755	1250000000	121505.25	1258539175	122335.2891	ConnectBTC
512798	00000000000000000025864530631207a3b1031b0fb49b800638881783b46a0b	2018-03-09 22:51:04	2018-03-09 21:41:47	1063147	976567	3992848	536870912	20000000	100000000000000000000000000000	f7e79a1b710cb8b3bb4586ac7962382b0fd30d836c9623043630c8d8d7fb705c	2997777576	391481763	3290605988755	0000000000000000000000000000000000000000013dff0c548b9348ceb1c1de	031ed30704d80fa35a612f4254432e434f4d2ffabe6d6dfd8a996642adb092721f77d15898bd87541ef25ce62d355f0f6e8e63d77b184c01000000000000002a0067fba629020000000000	1288	415	6075	2919	519716487846	50518624	520966487846	50640132	18793828	1826.839	17683	1.7189	4707.3	0.4575	29963.93861539	1250000000	121505.25	1268793828	123332.0859	BTC.com
512799	0000000000000000001de2df21bb073f66dec9fbd44e1e5f6bec840f8a95cf4d	2018-03-09 23:04:52	2018-03-09 21:47:31	1090864	967349	3992911	536870912	20000000	100000000000000000000000000000	97f0b661fcbef1740743caba7699b18ab4eacceb6dbd02ae43b09c78264f87c7	748634792	391481763	3290605988755	0000000000000000000000000000000000000000013e020a7ef06940a4eca400	031fd30741d6a8c4c645c72c41d6a8c4c50ce45a2f4254432e544f502ffabe6d6d3dbc37e5bdb219d7237ad12107296248ce091cda5e7b19ed9e46322e1a8d326a8000000000000000e1006b00f1dd010000000000	1736	614	5935	4176	523663613126	50902304	524913613126	51023808	19532099	1898.6021	17910.7	1.741	4891.56	0.4755	5839.1093759518	1250000000	121505.25	1269532099	123403.8516	BTC.TOP
512800	0000000000000000000668ffadda741cda79d6a35e997bbefc73e6a37e0d32a9	2018-03-09 23:20:22	2018-03-09 22:14:53	1087147	968657	3993118	536870912	20000000	100000000000000000000000000000	80c48ade484e49bbf7f27dd6ec885f02085e9fa0da9e671f755a8c36acce0bc9	205432759	391481763	3290605988755	0000000000000000000000000000000000000000013e0508a9553f387b278622	0320d30741d6a8c5a477a10041d6a8c5a38e06b62f4254432e544f502ffabe6d6d24937d0d49bb4304086f801f7626cba6ec4ca4bebd827d10acbdd735528d17558000000000000000c000297d00000e426dacaa2a	1772	645	5900	4085	461088172191	44819708	462338172191	44941212	20225258	1965.98	18609.7	1.809	5064.76	0.4923	7367.6138629779	1250000000	121505.25	1270225258	123471.2266	BTC.TOP
512801	0000000000000000000dc4d58b90d900d8e652fb8840a7f8e3e70e636de84947	2018-03-09 23:26:53	2018-03-09 22:38:10	1046504	982096	3992792	536870912	20000000	100000000000000000000000000000	28020ae7dc2cd8fbfa15304a30ec68205dc48b6b0ff988d45d4a59a9f3496a69	1486767144	391481763	3290605988755	0000000000000000000000000000000000000000013e0806d3ba153051626844	0321d307174d696e656420627920416e74506f6f6c6147205aa3183dfabe6d6d6fd1688e827bffca2f3485a0fefd254a66fbf428087f3378a7902593b91e1bca040000000000000070100000fcf50200	909	272	5880	4259	215340895158	20932040	216590895158	21053544	12908605	1254.7706	12338.9	1.1994	3233.48	0.3143	3909.1929142376	1250000000	121505.25	1262908605	122760.0234	AntPool
512802	000000000000000000366ebd4fa8d9d246e7b04363858b3942ccf51f38a47e87	2018-03-09 23:31:23	2018-03-09 22:43:23	239037	205540	855657	536870912	20000000	100000000000000000000000000000	82d1282e11a2b0cea7c929d1b1dd1e81f5052682419cff861dcef1ae4d53c737	3644877253	391481763	3290605988755	0000000000000000000000000000000000000000013e0b04fe1eeb28279d4a66	0322d3072cfabe6d6dda65aacb87a1f28f89ba7fda4ab64d326478680f5e8ad845b33033fa98adf0d004000000f09f909f0d4d696e656420627920716c733900000000000000000000000000000000000000000000000000000000000000000000000000	572	180	1162	1337	248800266428	24184430	250050266428	24305936	10074974	979.3298	42211.8	4.1032	11787.5	1.1457	17325.749729165	1250000000	121505.25	1260074974	122484.5781	F2Pool
512803	0000000000000000002cd42bc7bb77c87e01792e3e1ace24d7f6634e2e6ba6d5	2018-03-09 23:46:52	2018-03-09 22:51:04	1093003	966718	3993157	536870912	20000000	100000000000000000000000000000	1ec19a1ccd6a8d6b0146607870410738c3b16f756e576f6461e9c7bf7b40dcf1	932982324	391481763	3290605988755	0000000000000000000000000000000000000000013e0e032883c11ffdd82c88	0323d30741d6a8c73bd6b7e541d6a8c73b128b1b2f4254432e544f502ffabe6d6dd71d815ae7128d3446852b82d9436bd9d7c1240acbfd01b059432dea133af5d28000000000000000d60034a9d5d0000000000000	1972	610	5428	6175	682969613873	66387516	684219613873	66509020	21836660	2122.615	19984.7	1.9426	5468.39	0.5315	40065.848259796	1250000000	121505.25	1271836660	123627.8672	BTC.TOP